<?xml version="1.0" encoding="utf-8"?>
<COLLADA xmlns="http://www.collada.org/2005/11/COLLADASchema" version="1.4.1">
  <asset><contributor><author></author><authoring_tool>FBX COLLADA exporter</authoring_tool><comments></comments></contributor><created>2014-05-12T02:31:11Z</created><keywords></keywords><modified>2014-05-12T02:31:11Z</modified><revision></revision><subject></subject><title></title><unit meter="0.010000" name="centimeter"></unit><up_axis>Y_UP</up_axis></asset>
  <library_animations>
    <animation id="R_wingBase-anim" name="R_wingBase"><animation><source id="R_wingBase-Matrix-animation-input"><float_array id="R_wingBase-Matrix-animation-input-array" count="32">

0.041667 0.083333 0.125000 0.166667 0.208333 0.250000 0.291667 0.333333 0.375000 0.416667 0.458333 0.500000 0.541667 0.583333 0.625000 0.666667
0.708333 0.750000 0.791667 0.833333 0.875000 0.916667 0.958333 1.000000 1.041667 1.083333 1.125000 1.166667 1.208333 1.250000 1.291667 1.333333</float_array><technique_common><accessor source="#R_wingBase-Matrix-animation-input-array" count="32"><param name="TIME" type="float"/></accessor></technique_common></source><source id="R_wingBase-Matrix-animation-output-transform"><float_array id="R_wingBase-Matrix-animation-output-transform-array" count="512">

-0.939976 -0.000000 -0.341240 0.178923 0.000000 -1.000000 0.000000 0.000000 -0.341240 0.000000 0.939976 0.401015 0.000000 0.000000 0.000000 1.000000
-0.965946 -0.000000 -0.258742 0.178923 0.000000 -1.000000 0.000000 0.000000 -0.258742 0.000000 0.965946 0.401015 0.000000 0.000000 0.000000 1.000000
-0.996068 -0.000000 -0.088593 0.178923 0.000000 -1.000000 0.000000 0.000000 -0.088593 0.000000 0.996068 0.401015 0.000000 0.000000 0.000000 1.000000
-0.997800 0.000000 0.066299 0.178923 0.000000 -1.000000 0.000000 0.000000 0.066299 0.000000 0.997800 0.401015 0.000000 0.000000 0.000000 1.000000
-0.985011 0.000000 0.172494 0.178923 0.000000 -1.000000 0.000000 0.000000 0.172494 0.000000 0.985011 0.401015 0.000000 0.000000 0.000000 1.000000
-0.971416 0.000000 0.237382 0.178923 0.000000 -1.000000 0.000000 0.000000 0.237382 0.000000 0.971416 0.401015 0.000000 0.000000 0.000000 1.000000
-0.962104 0.000000 0.272682 0.178923 0.000000 -1.000000 0.000000 0.000000 0.272682 0.000000 0.962104 0.401015 0.000000 0.000000 0.000000 1.000000
-0.958716 0.000000 0.284364 0.178923 0.000000 -1.000000 0.000000 0.000000 0.284364 0.000000 0.958716 0.401015 0.000000 0.000000 0.000000 1.000000
-0.960428 0.000000 0.278528 0.178923 0.000000 -1.000000 0.000000 0.000000 0.278528 0.000000 0.960428 0.401015 0.000000 0.000000 0.000000 1.000000
-0.965299 0.000000 0.261146 0.178923 0.000000 -1.000000 0.000000 0.000000 0.261146 0.000000 0.965299 0.401015 0.000000 0.000000 0.000000 1.000000
-0.973022 0.000000 0.230711 0.178923 0.000000 -1.000000 0.000000 0.000000 0.230711 0.000000 0.973022 0.401015 0.000000 0.000000 0.000000 1.000000
-0.983047 0.000000 0.183351 0.178923 0.000000 -1.000000 0.000000 0.000000 0.183351 0.000000 0.983047 0.401015 0.000000 0.000000 0.000000 1.000000
-0.993683 0.000000 0.112221 0.178923 0.000000 -1.000000 0.000000 0.000000 0.112221 0.000000 0.993683 0.401015 0.000000 0.000000 0.000000 1.000000
-0.999976 0.000000 0.006935 0.178923 0.000000 -1.000000 0.000000 0.000000 0.006935 0.000000 0.999976 0.401015 0.000000 0.000000 0.000000 1.000000
-0.989553 -0.000000 -0.144171 0.178923 0.000000 -1.000000 0.000000 0.000000 -0.144171 0.000000 0.989553 0.401015 0.000000 0.000000 0.000000 1.000000
-0.939976 -0.000000 -0.341240 0.178923 0.000000 -1.000000 0.000000 0.000000 -0.341240 0.000000 0.939976 0.401015 0.000000 0.000000 0.000000 1.000000
-0.793052 -0.000000 -0.609154 0.178923 0.000000 -1.000000 0.000000 0.000000 -0.609154 0.000000 0.793052 0.401015 0.000000 0.000000 0.000000 1.000000
-0.443112 0.000000 -0.896466 0.178923 0.000000 -1.000000 -0.000000 0.000000 -0.896466 -0.000000 0.443112 0.401015 0.000000 0.000000 0.000000 1.000000
-0.020745 0.000000 -0.999785 0.178923 0.000000 -1.000000 -0.000000 0.000000 -0.999785 -0.000000 0.020745 0.401015 0.000000 0.000000 0.000000 1.000000
0.261634 -0.000000 -0.965167 0.178923 -0.000000 -1.000000 0.000000 0.000000 -0.965167 -0.000000 -0.261634 0.401015 0.000000 0.000000 0.000000 1.000000
0.414765 -0.000000 -0.909929 0.178923 -0.000000 -1.000000 0.000000 0.000000 -0.909929 -0.000000 -0.414765 0.401015 0.000000 0.000000 0.000000 1.000000
0.496037 -0.000000 -0.868301 0.178923 -0.000000 -1.000000 0.000000 0.000000 -0.868301 -0.000000 -0.496037 0.401015 0.000000 0.000000 0.000000 1.000000
0.536823 -0.000000 -0.843695 0.178923 -0.000000 -1.000000 0.000000 0.000000 -0.843695 -0.000000 -0.536823 0.401015 0.000000 0.000000 0.000000 1.000000
0.549682 -0.000000 -0.835374 0.178923 -0.000000 -1.000000 0.000000 0.000000 -0.835374 -0.000000 -0.549682 0.401015 0.000000 0.000000 0.000000 1.000000
0.531074 -0.000000 -0.847325 0.178923 -0.000000 -1.000000 0.000000 0.000000 -0.847325 -0.000000 -0.531074 0.401015 0.000000 0.000000 0.000000 1.000000
0.470177 -0.000000 -0.882572 0.178923 -0.000000 -1.000000 0.000000 0.000000 -0.882572 -0.000000 -0.470177 0.401015 0.000000 0.000000 0.000000 1.000000
0.339747 -0.000000 -0.940517 0.178923 -0.000000 -1.000000 0.000000 0.000000 -0.940517 -0.000000 -0.339747 0.401015 0.000000 0.000000 0.000000 1.000000
0.075393 -0.000000 -0.997154 0.178923 -0.000000 -1.000000 0.000000 0.000000 -0.997154 -0.000000 -0.075393 0.401015 0.000000 0.000000 0.000000 1.000000
-0.365168 0.000000 -0.930942 0.178923 0.000000 -1.000000 -0.000000 0.000000 -0.930942 -0.000000 0.365168 0.401015 0.000000 0.000000 0.000000 1.000000
-0.751235 -0.000000 -0.660035 0.178923 0.000000 -1.000000 0.000000 0.000000 -0.660035 0.000000 0.751235 0.401015 0.000000 0.000000 0.000000 1.000000
-0.906222 -0.000000 -0.422802 0.178923 0.000000 -1.000000 0.000000 0.000000 -0.422802 0.000000 0.906222 0.401015 0.000000 0.000000 0.000000 1.000000
-0.939976 -0.000000 -0.341240 0.178923 0.000000 -1.000000 0.000000 0.000000 -0.341240 0.000000 0.939976 0.401015 0.000000 0.000000 0.000000 1.000000</float_array><technique_common><accessor source="#R_wingBase-Matrix-animation-output-transform-array" count="32" stride="16"><param type="float4x4"/></accessor></technique_common></source><source id="R_wingBase-Interpolations"><Name_array id="R_wingBase-Interpolations-array" count="32">
 LINEAR LINEAR LINEAR LINEAR LINEAR LINEAR LINEAR LINEAR LINEAR LINEAR LINEAR
LINEAR LINEAR LINEAR LINEAR LINEAR LINEAR LINEAR LINEAR LINEAR LINEAR LINEAR LINEAR
LINEAR LINEAR LINEAR LINEAR LINEAR LINEAR LINEAR LINEAR LINEAR</Name_array><technique_common><accessor source="#R_wingBase-Interpolations-array" count="32"><param type="name"/></accessor></technique_common></source><sampler id="R_wingBase-Matrix-animation-transform"><input semantic="INPUT" source="#R_wingBase-Matrix-animation-input"/><input semantic="OUTPUT" source="#R_wingBase-Matrix-animation-output-transform"/><input semantic="INTERPOLATION" source="#R_wingBase-Interpolations"/></sampler><channel source="#R_wingBase-Matrix-animation-transform" target="R_wingBase/matrix"/></animation></animation>
    <animation id="R_wingTip-anim" name="R_wingTip"><animation><source id="R_wingTip-Matrix-animation-input"><float_array id="R_wingTip-Matrix-animation-input-array" count="32">

0.041667 0.083333 0.125000 0.166667 0.208333 0.250000 0.291667 0.333333 0.375000 0.416667 0.458333 0.500000 0.541667 0.583333 0.625000 0.666667
0.708333 0.750000 0.791667 0.833333 0.875000 0.916667 0.958333 1.000000 1.041667 1.083333 1.125000 1.166667 1.208333 1.250000 1.291667 1.333333</float_array><technique_common><accessor source="#R_wingTip-Matrix-animation-input-array" count="32"><param name="TIME" type="float"/></accessor></technique_common></source><source id="R_wingTip-Matrix-animation-output-transform"><float_array id="R_wingTip-Matrix-animation-output-transform-array" count="512">

-0.839047 0.000000 -0.544058 -2.504670 0.000000 1.000000 -0.000000 -0.000000 0.544058 0.000000 -0.839047 1.624087 0.000000 0.000000 0.000000 1.000000
-0.839047 0.000000 -0.544058 -2.504670 0.000000 1.000000 0.000000 -0.000000 0.544058 0.000000 -0.839047 1.624087 0.000000 0.000000 0.000000 1.000000
-0.839047 0.000000 -0.544058 -2.504670 0.000000 1.000000 -0.000000 -0.000000 0.544058 -0.000000 -0.839047 1.624087 0.000000 0.000000 0.000000 1.000000
-0.839047 0.000000 -0.544058 -2.504670 0.000000 1.000000 0.000000 -0.000000 0.544058 0.000000 -0.839047 1.624087 0.000000 0.000000 0.000000 1.000000
-0.839047 -0.000000 -0.544058 -2.504670 0.000000 1.000000 0.000000 -0.000000 0.544058 -0.000000 -0.839047 1.624087 0.000000 0.000000 0.000000 1.000000
-0.839047 0.000000 -0.544058 -2.504670 -0.000000 1.000000 0.000000 -0.000000 0.544058 0.000000 -0.839047 1.624087 0.000000 0.000000 0.000000 1.000000
-0.839047 0.000000 -0.544058 -2.504670 0.000000 1.000000 -0.000000 -0.000000 0.544058 -0.000000 -0.839047 1.624087 0.000000 0.000000 0.000000 1.000000
-0.839047 0.000000 -0.544058 -2.504670 -0.000000 1.000000 0.000000 -0.000000 0.544058 0.000000 -0.839047 1.624087 0.000000 0.000000 0.000000 1.000000
-0.839047 0.000000 -0.544058 -2.504670 -0.000000 1.000000 0.000000 -0.000000 0.544058 0.000000 -0.839047 1.624087 0.000000 0.000000 0.000000 1.000000
-0.839047 0.000000 -0.544058 -2.504670 0.000000 1.000000 0.000000 -0.000000 0.544058 0.000000 -0.839047 1.624087 0.000000 0.000000 0.000000 1.000000
-0.839047 -0.000000 -0.544058 -2.504670 -0.000000 1.000000 0.000000 -0.000000 0.544058 -0.000000 -0.839047 1.624087 0.000000 0.000000 0.000000 1.000000
-0.839047 0.000000 -0.544058 -2.504670 -0.000000 1.000000 -0.000000 -0.000000 0.544058 0.000000 -0.839047 1.624087 0.000000 0.000000 0.000000 1.000000
-0.839047 0.000000 -0.544058 -2.504670 0.000000 1.000000 0.000000 -0.000000 0.544058 -0.000000 -0.839047 1.624087 0.000000 0.000000 0.000000 1.000000
-0.839047 0.000000 -0.544058 -2.504670 0.000000 1.000000 0.000000 -0.000000 0.544058 -0.000000 -0.839047 1.624087 0.000000 0.000000 0.000000 1.000000
-0.839047 -0.000000 -0.544058 -2.504670 -0.000000 1.000000 0.000000 -0.000000 0.544058 0.000000 -0.839047 1.624087 0.000000 0.000000 0.000000 1.000000
-0.839047 0.000000 -0.544058 -2.504670 0.000000 1.000000 -0.000000 -0.000000 0.544058 0.000000 -0.839047 1.624087 0.000000 0.000000 0.000000 1.000000
-0.839047 0.000000 -0.544058 -2.504670 0.000000 1.000000 -0.000000 -0.000000 0.544058 0.000000 -0.839047 1.624087 0.000000 0.000000 0.000000 1.000000
-0.839047 0.000000 -0.544058 -2.504670 0.000000 1.000000 -0.000000 -0.000000 0.544058 0.000000 -0.839047 1.624087 0.000000 0.000000 0.000000 1.000000
-0.839047 -0.000000 -0.544058 -2.504670 0.000000 1.000000 0.000000 -0.000000 0.544058 -0.000000 -0.839047 1.624087 0.000000 0.000000 0.000000 1.000000
-0.839047 0.000000 -0.544058 -2.504670 0.000000 1.000000 -0.000000 -0.000000 0.544058 0.000000 -0.839047 1.624087 0.000000 0.000000 0.000000 1.000000
-0.839047 0.000000 -0.544058 -2.504670 -0.000000 1.000000 -0.000000 -0.000000 0.544058 0.000000 -0.839047 1.624087 0.000000 0.000000 0.000000 1.000000
-0.839047 0.000000 -0.544058 -2.504670 0.000000 1.000000 0.000000 -0.000000 0.544058 -0.000000 -0.839047 1.624087 0.000000 0.000000 0.000000 1.000000
-0.839047 0.000000 -0.544058 -2.504670 0.000000 1.000000 0.000000 -0.000000 0.544058 0.000000 -0.839047 1.624087 0.000000 0.000000 0.000000 1.000000
-0.839047 -0.000000 -0.544058 -2.504670 -0.000000 1.000000 0.000000 -0.000000 0.544058 -0.000000 -0.839047 1.624087 0.000000 0.000000 0.000000 1.000000
-0.839047 0.000000 -0.544058 -2.504670 0.000000 1.000000 0.000000 -0.000000 0.544058 -0.000000 -0.839047 1.624087 0.000000 0.000000 0.000000 1.000000
-0.839047 0.000000 -0.544058 -2.504670 0.000000 1.000000 -0.000000 -0.000000 0.544058 0.000000 -0.839047 1.624087 0.000000 0.000000 0.000000 1.000000
-0.839047 0.000000 -0.544058 -2.504670 0.000000 1.000000 0.000000 -0.000000 0.544058 0.000000 -0.839047 1.624087 0.000000 0.000000 0.000000 1.000000
-0.839047 0.000000 -0.544058 -2.504670 0.000000 1.000000 0.000000 -0.000000 0.544058 -0.000000 -0.839047 1.624087 0.000000 0.000000 0.000000 1.000000
-0.839047 0.000000 -0.544058 -2.504670 -0.000000 1.000000 -0.000000 -0.000000 0.544058 0.000000 -0.839047 1.624087 0.000000 0.000000 0.000000 1.000000
-0.839047 0.000000 -0.544058 -2.504670 0.000000 1.000000 0.000000 -0.000000 0.544058 0.000000 -0.839047 1.624087 0.000000 0.000000 0.000000 1.000000
-0.839047 0.000000 -0.544058 -2.504670 0.000000 1.000000 -0.000000 -0.000000 0.544058 0.000000 -0.839047 1.624087 0.000000 0.000000 0.000000 1.000000
-0.839047 0.000000 -0.544058 -2.504670 0.000000 1.000000 -0.000000 -0.000000 0.544058 0.000000 -0.839047 1.624087 0.000000 0.000000 0.000000 1.000000</float_array><technique_common><accessor source="#R_wingTip-Matrix-animation-output-transform-array" count="32" stride="16"><param type="float4x4"/></accessor></technique_common></source><source id="R_wingTip-Interpolations"><Name_array id="R_wingTip-Interpolations-array" count="32">
 LINEAR LINEAR LINEAR LINEAR LINEAR LINEAR LINEAR LINEAR LINEAR LINEAR LINEAR
LINEAR LINEAR LINEAR LINEAR LINEAR LINEAR LINEAR LINEAR LINEAR LINEAR LINEAR LINEAR
LINEAR LINEAR LINEAR LINEAR LINEAR LINEAR LINEAR LINEAR LINEAR</Name_array><technique_common><accessor source="#R_wingTip-Interpolations-array" count="32"><param type="name"/></accessor></technique_common></source><sampler id="R_wingTip-Matrix-animation-transform"><input semantic="INPUT" source="#R_wingTip-Matrix-animation-input"/><input semantic="OUTPUT" source="#R_wingTip-Matrix-animation-output-transform"/><input semantic="INTERPOLATION" source="#R_wingTip-Interpolations"/></sampler><channel source="#R_wingTip-Matrix-animation-transform" target="R_wingTip/matrix"/></animation></animation>
    <animation id="L_wingBase-anim" name="L_wingBase"><animation><source id="L_wingBase-Matrix-animation-input"><float_array id="L_wingBase-Matrix-animation-input-array" count="32">

0.041667 0.083333 0.125000 0.166667 0.208333 0.250000 0.291667 0.333333 0.375000 0.416667 0.458333 0.500000 0.541667 0.583333 0.625000 0.666667
0.708333 0.750000 0.791667 0.833333 0.875000 0.916667 0.958333 1.000000 1.041667 1.083333 1.125000 1.166667 1.208333 1.250000 1.291667 1.333333</float_array><technique_common><accessor source="#L_wingBase-Matrix-animation-input-array" count="32"><param name="TIME" type="float"/></accessor></technique_common></source><source id="L_wingBase-Matrix-animation-output-transform"><float_array id="L_wingBase-Matrix-animation-output-transform-array" count="512">

0.939977 0.000000 0.341239 0.178923 -0.000000 1.000000 0.000000 0.000000 -0.341239 -0.000000 0.939977 -0.421558 0.000000 0.000000 0.000000 1.000000
0.965947 0.000000 0.258742 0.178923 -0.000000 1.000000 0.000000 0.000000 -0.258742 -0.000000 0.965947 -0.421558 0.000000 0.000000 0.000000 1.000000
0.996068 0.000000 0.088592 0.178923 -0.000000 1.000000 0.000000 0.000000 -0.088592 -0.000000 0.996068 -0.421558 0.000000 0.000000 0.000000 1.000000
0.997800 -0.000000 -0.066300 0.178923 0.000000 1.000000 0.000000 0.000000 0.066300 -0.000000 0.997800 -0.421558 0.000000 0.000000 0.000000 1.000000
0.985011 -0.000000 -0.172494 0.178923 0.000000 1.000000 0.000000 0.000000 0.172494 -0.000000 0.985011 -0.421558 0.000000 0.000000 0.000000 1.000000
0.971416 -0.000000 -0.237383 0.178923 0.000000 1.000000 0.000000 0.000000 0.237383 -0.000000 0.971416 -0.421558 0.000000 0.000000 0.000000 1.000000
0.962104 -0.000000 -0.272683 0.178923 0.000000 1.000000 0.000000 0.000000 0.272683 -0.000000 0.962104 -0.421558 0.000000 0.000000 0.000000 1.000000
0.958716 -0.000000 -0.284364 0.178923 0.000000 1.000000 0.000000 0.000000 0.284364 -0.000000 0.958716 -0.421558 0.000000 0.000000 0.000000 1.000000
0.960428 -0.000000 -0.278529 0.178923 0.000000 1.000000 0.000000 0.000000 0.278529 -0.000000 0.960428 -0.421558 0.000000 0.000000 0.000000 1.000000
0.965299 -0.000000 -0.261147 0.178923 0.000000 1.000000 0.000000 0.000000 0.261147 -0.000000 0.965299 -0.421558 0.000000 0.000000 0.000000 1.000000
0.973022 -0.000000 -0.230711 0.178923 0.000000 1.000000 0.000000 0.000000 0.230711 -0.000000 0.973022 -0.421558 0.000000 0.000000 0.000000 1.000000
0.983047 -0.000000 -0.183352 0.178923 0.000000 1.000000 0.000000 0.000000 0.183352 -0.000000 0.983047 -0.421558 0.000000 0.000000 0.000000 1.000000
0.993683 -0.000000 -0.112221 0.178923 0.000000 1.000000 0.000000 0.000000 0.112221 -0.000000 0.993683 -0.421558 0.000000 0.000000 0.000000 1.000000
0.999976 -0.000000 -0.006936 0.178923 0.000000 1.000000 0.000000 0.000000 0.006936 -0.000000 0.999976 -0.421558 0.000000 0.000000 0.000000 1.000000
0.989553 0.000000 0.144171 0.178923 -0.000000 1.000000 0.000000 0.000000 -0.144171 -0.000000 0.989553 -0.421558 0.000000 0.000000 0.000000 1.000000
0.939977 0.000000 0.341239 0.178923 -0.000000 1.000000 0.000000 0.000000 -0.341239 -0.000000 0.939977 -0.421558 0.000000 0.000000 0.000000 1.000000
0.793053 0.000000 0.609153 0.178923 -0.000000 1.000000 -0.000000 0.000000 -0.609153 -0.000000 0.793053 -0.421558 0.000000 0.000000 0.000000 1.000000
0.443112 0.000000 0.896466 0.178923 -0.000000 1.000000 -0.000000 0.000000 -0.896466 -0.000000 0.443112 -0.421558 0.000000 0.000000 0.000000 1.000000
0.020745 0.000000 0.999785 0.178923 -0.000000 1.000000 -0.000000 0.000000 -0.999785 -0.000000 0.020745 -0.421558 0.000000 0.000000 0.000000 1.000000
-0.261635 -0.000000 0.965167 0.178923 0.000000 1.000000 0.000000 0.000000 -0.965167 0.000000 -0.261635 -0.421558 0.000000 0.000000 0.000000 1.000000
-0.414765 -0.000000 0.909928 0.178923 0.000000 1.000000 0.000000 0.000000 -0.909928 0.000000 -0.414765 -0.421558 0.000000 0.000000 0.000000 1.000000
-0.496037 -0.000000 0.868301 0.178923 0.000000 1.000000 0.000000 0.000000 -0.868301 0.000000 -0.496037 -0.421558 0.000000 0.000000 0.000000 1.000000
-0.536824 -0.000000 0.843695 0.178923 0.000000 1.000000 0.000000 0.000000 -0.843695 0.000000 -0.536824 -0.421558 0.000000 0.000000 0.000000 1.000000
-0.549682 -0.000000 0.835374 0.178923 0.000000 1.000000 -0.000000 0.000000 -0.835374 0.000000 -0.549682 -0.421558 0.000000 0.000000 0.000000 1.000000
-0.531075 -0.000000 0.847325 0.178923 0.000000 1.000000 0.000000 0.000000 -0.847325 0.000000 -0.531075 -0.421558 0.000000 0.000000 0.000000 1.000000
-0.470177 -0.000000 0.882572 0.178923 0.000000 1.000000 0.000000 0.000000 -0.882572 0.000000 -0.470177 -0.421558 0.000000 0.000000 0.000000 1.000000
-0.339747 -0.000000 0.940517 0.178923 0.000000 1.000000 0.000000 0.000000 -0.940517 0.000000 -0.339747 -0.421558 0.000000 0.000000 0.000000 1.000000
-0.075393 -0.000000 0.997154 0.178923 0.000000 1.000000 0.000000 0.000000 -0.997154 0.000000 -0.075393 -0.421558 0.000000 0.000000 0.000000 1.000000
0.365168 0.000000 0.930942 0.178923 -0.000000 1.000000 -0.000000 0.000000 -0.930942 -0.000000 0.365168 -0.421558 0.000000 0.000000 0.000000 1.000000
0.751235 0.000000 0.660034 0.178923 -0.000000 1.000000 -0.000000 0.000000 -0.660034 -0.000000 0.751235 -0.421558 0.000000 0.000000 0.000000 1.000000
0.906222 0.000000 0.422801 0.178923 -0.000000 1.000000 0.000000 0.000000 -0.422801 -0.000000 0.906222 -0.421558 0.000000 0.000000 0.000000 1.000000
0.939977 0.000000 0.341239 0.178923 -0.000000 1.000000 0.000000 0.000000 -0.341239 -0.000000 0.939977 -0.421558 0.000000 0.000000 0.000000 1.000000</float_array><technique_common><accessor source="#L_wingBase-Matrix-animation-output-transform-array" count="32" stride="16"><param type="float4x4"/></accessor></technique_common></source><source id="L_wingBase-Interpolations"><Name_array id="L_wingBase-Interpolations-array" count="32">
 LINEAR LINEAR LINEAR LINEAR LINEAR LINEAR LINEAR LINEAR LINEAR LINEAR LINEAR
LINEAR LINEAR LINEAR LINEAR LINEAR LINEAR LINEAR LINEAR LINEAR LINEAR LINEAR LINEAR
LINEAR LINEAR LINEAR LINEAR LINEAR LINEAR LINEAR LINEAR LINEAR</Name_array><technique_common><accessor source="#L_wingBase-Interpolations-array" count="32"><param type="name"/></accessor></technique_common></source><sampler id="L_wingBase-Matrix-animation-transform"><input semantic="INPUT" source="#L_wingBase-Matrix-animation-input"/><input semantic="OUTPUT" source="#L_wingBase-Matrix-animation-output-transform"/><input semantic="INTERPOLATION" source="#L_wingBase-Interpolations"/></sampler><channel source="#L_wingBase-Matrix-animation-transform" target="L_wingBase/matrix"/></animation></animation>
    <animation id="L_wingTip-anim" name="L_wingTip"><animation><source id="L_wingTip-Matrix-animation-input"><float_array id="L_wingTip-Matrix-animation-input-array" count="32">

0.041667 0.083333 0.125000 0.166667 0.208333 0.250000 0.291667 0.333333 0.375000 0.416667 0.458333 0.500000 0.541667 0.583333 0.625000 0.666667
0.708333 0.750000 0.791667 0.833333 0.875000 0.916667 0.958333 1.000000 1.041667 1.083333 1.125000 1.166667 1.208333 1.250000 1.291667 1.333333</float_array><technique_common><accessor source="#L_wingTip-Matrix-animation-input-array" count="32"><param name="TIME" type="float"/></accessor></technique_common></source><source id="L_wingTip-Matrix-animation-output-transform"><float_array id="L_wingTip-Matrix-animation-output-transform-array" count="512">

-0.839047 -0.000000 -0.544058 2.504667 -0.000000 1.000000 0.000000 -0.000000 0.544058 -0.000000 -0.839047 -1.624086 0.000000 0.000000 0.000000 1.000000
-0.839047 0.000000 -0.544058 2.504667 0.000000 1.000000 0.000000 -0.000000 0.544058 -0.000000 -0.839047 -1.624086 0.000000 0.000000 0.000000 1.000000
-0.839047 0.000000 -0.544058 2.504667 0.000000 1.000000 -0.000000 -0.000000 0.544058 -0.000000 -0.839047 -1.624086 0.000000 0.000000 0.000000 1.000000
-0.839047 0.000000 -0.544058 2.504667 -0.000000 1.000000 0.000000 -0.000000 0.544058 0.000000 -0.839047 -1.624086 0.000000 0.000000 0.000000 1.000000
-0.839047 0.000000 -0.544058 2.504667 0.000000 1.000000 -0.000000 -0.000000 0.544058 0.000000 -0.839047 -1.624086 0.000000 0.000000 0.000000 1.000000
-0.839047 0.000000 -0.544058 2.504667 0.000000 1.000000 -0.000000 -0.000000 0.544058 -0.000000 -0.839047 -1.624086 0.000000 0.000000 0.000000 1.000000
-0.839047 -0.000000 -0.544058 2.504667 -0.000000 1.000000 0.000000 -0.000000 0.544058 -0.000000 -0.839047 -1.624086 0.000000 0.000000 0.000000 1.000000
-0.839047 -0.000000 -0.544058 2.504667 0.000000 1.000000 0.000000 -0.000000 0.544058 -0.000000 -0.839047 -1.624086 0.000000 0.000000 0.000000 1.000000
-0.839047 -0.000000 -0.544058 2.504667 -0.000000 1.000000 0.000000 -0.000000 0.544058 -0.000000 -0.839047 -1.624086 0.000000 0.000000 0.000000 1.000000
-0.839047 0.000000 -0.544058 2.504667 0.000000 1.000000 0.000000 -0.000000 0.544058 -0.000000 -0.839047 -1.624086 0.000000 0.000000 0.000000 1.000000
-0.839047 0.000000 -0.544058 2.504667 0.000000 1.000000 0.000000 -0.000000 0.544058 -0.000000 -0.839047 -1.624086 0.000000 0.000000 0.000000 1.000000
-0.839047 0.000000 -0.544058 2.504667 0.000000 1.000000 0.000000 -0.000000 0.544058 0.000000 -0.839047 -1.624086 0.000000 0.000000 0.000000 1.000000
-0.839047 0.000000 -0.544058 2.504667 0.000000 1.000000 -0.000000 -0.000000 0.544058 -0.000000 -0.839047 -1.624086 0.000000 0.000000 0.000000 1.000000
-0.839047 0.000000 -0.544058 2.504667 -0.000000 1.000000 0.000000 -0.000000 0.544058 0.000000 -0.839047 -1.624086 0.000000 0.000000 0.000000 1.000000
-0.839047 0.000000 -0.544058 2.504667 -0.000000 1.000000 0.000000 -0.000000 0.544058 0.000000 -0.839047 -1.624086 0.000000 0.000000 0.000000 1.000000
-0.839047 -0.000000 -0.544058 2.504667 -0.000000 1.000000 0.000000 -0.000000 0.544058 -0.000000 -0.839047 -1.624086 0.000000 0.000000 0.000000 1.000000
-0.839047 0.000000 -0.544058 2.504667 0.000000 1.000000 -0.000000 -0.000000 0.544058 0.000000 -0.839047 -1.624086 0.000000 0.000000 0.000000 1.000000
-0.839047 -0.000000 -0.544058 2.504667 -0.000000 1.000000 -0.000000 -0.000000 0.544058 -0.000000 -0.839047 -1.624086 0.000000 0.000000 0.000000 1.000000
-0.839047 0.000000 -0.544058 2.504667 -0.000000 1.000000 0.000000 -0.000000 0.544058 0.000000 -0.839047 -1.624086 0.000000 0.000000 0.000000 1.000000
-0.839047 -0.000000 -0.544058 2.504667 -0.000000 1.000000 0.000000 -0.000000 0.544058 -0.000000 -0.839047 -1.624086 0.000000 0.000000 0.000000 1.000000
-0.839047 -0.000000 -0.544058 2.504667 0.000000 1.000000 0.000000 -0.000000 0.544058 0.000000 -0.839047 -1.624086 0.000000 0.000000 0.000000 1.000000
-0.839047 0.000000 -0.544058 2.504667 -0.000000 1.000000 -0.000000 -0.000000 0.544058 -0.000000 -0.839047 -1.624086 0.000000 0.000000 0.000000 1.000000
-0.839047 -0.000000 -0.544058 2.504667 -0.000000 1.000000 -0.000000 -0.000000 0.544058 0.000000 -0.839047 -1.624086 0.000000 0.000000 0.000000 1.000000
-0.839047 0.000000 -0.544058 2.504667 0.000000 1.000000 0.000000 -0.000000 0.544058 -0.000000 -0.839047 -1.624086 0.000000 0.000000 0.000000 1.000000
-0.839047 0.000000 -0.544058 2.504667 0.000000 1.000000 -0.000000 -0.000000 0.544058 0.000000 -0.839047 -1.624086 0.000000 0.000000 0.000000 1.000000
-0.839047 -0.000000 -0.544058 2.504667 0.000000 1.000000 0.000000 -0.000000 0.544058 -0.000000 -0.839047 -1.624086 0.000000 0.000000 0.000000 1.000000
-0.839047 0.000000 -0.544058 2.504667 -0.000000 1.000000 0.000000 -0.000000 0.544058 0.000000 -0.839047 -1.624086 0.000000 0.000000 0.000000 1.000000
-0.839047 -0.000000 -0.544058 2.504667 0.000000 1.000000 -0.000000 -0.000000 0.544058 0.000000 -0.839047 -1.624086 0.000000 0.000000 0.000000 1.000000
-0.839047 -0.000000 -0.544058 2.504667 -0.000000 1.000000 0.000000 -0.000000 0.544058 -0.000000 -0.839047 -1.624086 0.000000 0.000000 0.000000 1.000000
-0.839047 -0.000000 -0.544058 2.504667 0.000000 1.000000 -0.000000 -0.000000 0.544058 0.000000 -0.839047 -1.624086 0.000000 0.000000 0.000000 1.000000
-0.839047 0.000000 -0.544058 2.504667 0.000000 1.000000 0.000000 -0.000000 0.544058 0.000000 -0.839047 -1.624086 0.000000 0.000000 0.000000 1.000000
-0.839047 -0.000000 -0.544058 2.504667 -0.000000 1.000000 0.000000 -0.000000 0.544058 -0.000000 -0.839047 -1.624086 0.000000 0.000000 0.000000 1.000000</float_array><technique_common><accessor source="#L_wingTip-Matrix-animation-output-transform-array" count="32" stride="16"><param type="float4x4"/></accessor></technique_common></source><source id="L_wingTip-Interpolations"><Name_array id="L_wingTip-Interpolations-array" count="32">
 LINEAR LINEAR LINEAR LINEAR LINEAR LINEAR LINEAR LINEAR LINEAR LINEAR LINEAR
LINEAR LINEAR LINEAR LINEAR LINEAR LINEAR LINEAR LINEAR LINEAR LINEAR LINEAR LINEAR
LINEAR LINEAR LINEAR LINEAR LINEAR LINEAR LINEAR LINEAR LINEAR</Name_array><technique_common><accessor source="#L_wingTip-Interpolations-array" count="32"><param type="name"/></accessor></technique_common></source><sampler id="L_wingTip-Matrix-animation-transform"><input semantic="INPUT" source="#L_wingTip-Matrix-animation-input"/><input semantic="OUTPUT" source="#L_wingTip-Matrix-animation-output-transform"/><input semantic="INTERPOLATION" source="#L_wingTip-Interpolations"/></sampler><channel source="#L_wingTip-Matrix-animation-transform" target="L_wingTip/matrix"/></animation></animation>
    <animation id="L_wingIK-anim" name="L_wingIK"><animation><source id="L_wingIK-Matrix-animation-input"><float_array id="L_wingIK-Matrix-animation-input-array" count="32">

0.041667 0.083333 0.125000 0.166667 0.208333 0.250000 0.291667 0.333333 0.375000 0.416667 0.458333 0.500000 0.541667 0.583333 0.625000 0.666667
0.708333 0.750000 0.791667 0.833333 0.875000 0.916667 0.958333 1.000000 1.041667 1.083333 1.125000 1.166667 1.208333 1.250000 1.291667 1.333333</float_array><technique_common><accessor source="#L_wingIK-Matrix-animation-input-array" count="32"><param name="TIME" type="float"/></accessor></technique_common></source><source id="L_wingIK-Matrix-animation-output-transform"><float_array id="L_wingIK-Matrix-animation-output-transform-array" count="512">

-0.992014 0.000000 0.126130 1.582928 -0.000000 -1.000000 -0.000000 0.000000 0.126130 -0.000000 0.992014 1.706490 0.000000 0.000000 0.000000 1.000000
-0.992014 0.000000 0.126130 1.771845 -0.000000 -1.000000 -0.000000 0.000000 0.126130 -0.000000 0.992014 1.706490 0.000000 0.000000 0.000000 1.000000
-0.992014 0.000000 0.126130 2.259051 -0.000000 -1.000000 -0.000000 0.000000 0.126130 -0.000000 0.992014 1.706490 0.000000 0.000000 0.000000 1.000000
-0.992014 0.000000 0.126130 2.925230 -0.000000 -1.000000 -0.000000 0.000000 0.126130 -0.000000 0.992014 1.706490 0.000000 0.000000 0.000000 1.000000
-0.992014 0.000000 0.126130 3.651067 -0.000000 -1.000000 -0.000000 0.000000 0.126130 -0.000000 0.992014 1.706490 0.000000 0.000000 0.000000 1.000000
-0.992014 0.000000 0.126130 4.317247 -0.000000 -1.000000 -0.000000 0.000000 0.126130 -0.000000 0.992014 1.706490 0.000000 0.000000 0.000000 1.000000
-0.992014 0.000000 0.126130 4.804453 -0.000000 -1.000000 -0.000000 0.000000 0.126130 -0.000000 0.992014 1.706490 0.000000 0.000000 0.000000 1.000000
-0.992014 0.000000 0.126130 4.993370 -0.000000 -1.000000 -0.000000 0.000000 0.126130 -0.000000 0.992014 1.706490 0.000000 0.000000 0.000000 1.000000
-0.992014 0.000000 0.126130 4.897009 -0.000000 -1.000000 -0.000000 0.000000 0.126130 -0.000000 0.992014 1.706490 0.000000 0.000000 0.000000 1.000000
-0.992014 0.000000 0.126130 4.632540 -0.000000 -1.000000 -0.000000 0.000000 0.126130 -0.000000 0.992014 1.706490 0.000000 0.000000 0.000000 1.000000
-0.992014 0.000000 0.126130 4.236882 -0.000000 -1.000000 -0.000000 0.000000 0.126130 -0.000000 0.992014 1.706490 0.000000 0.000000 0.000000 1.000000
-0.992014 0.000000 0.126130 3.746953 -0.000000 -1.000000 -0.000000 0.000000 0.126130 -0.000000 0.992014 1.706490 0.000000 0.000000 0.000000 1.000000
-0.992014 0.000000 0.126130 3.199675 -0.000000 -1.000000 -0.000000 0.000000 0.126130 -0.000000 0.992014 1.706490 0.000000 0.000000 0.000000 1.000000
-0.992014 0.000000 0.126130 2.631965 -0.000000 -1.000000 -0.000000 0.000000 0.126130 -0.000000 0.992014 1.706490 0.000000 0.000000 0.000000 1.000000
-0.992014 0.000000 0.126130 2.080743 -0.000000 -1.000000 -0.000000 0.000000 0.126130 -0.000000 0.992014 1.706490 0.000000 0.000000 0.000000 1.000000
-0.992014 0.000000 0.126130 1.582928 -0.000000 -1.000000 -0.000000 0.000000 0.126130 -0.000000 0.992014 1.706490 0.000000 0.000000 0.000000 1.000000
-0.992014 0.000000 0.126130 1.062771 -0.000000 -1.000000 -0.000000 0.000000 0.126130 -0.000000 0.992014 1.706490 0.000000 0.000000 0.000000 1.000000
-0.992014 0.000000 0.126130 0.452644 -0.000000 -1.000000 -0.000000 0.000000 0.126130 -0.000000 0.992014 1.706490 0.000000 0.000000 0.000000 1.000000
-0.992014 0.000000 0.126130 -0.198346 -0.000000 -1.000000 -0.000000 0.000000 0.126130 -0.000000 0.992014 1.706490 0.000000 0.000000 0.000000 1.000000
-0.992014 0.000000 0.126130 -0.841090 -0.000000 -1.000000 -0.000000 0.000000 0.126130 -0.000000 0.992014 1.706490 0.000000 0.000000 0.000000 1.000000
-0.992014 0.000000 0.126130 -1.426485 -0.000000 -1.000000 -0.000000 0.000000 0.126130 -0.000000 0.992014 1.706490 0.000000 0.000000 0.000000 1.000000
-0.992014 0.000000 0.126130 -1.905422 -0.000000 -1.000000 -0.000000 0.000000 0.126130 -0.000000 0.992014 1.706490 0.000000 0.000000 0.000000 1.000000
-0.992014 0.000000 0.126130 -2.228796 -0.000000 -1.000000 -0.000000 0.000000 0.126130 -0.000000 0.992014 1.706490 0.000000 0.000000 0.000000 1.000000
-0.992014 0.000000 0.126130 -2.347500 -0.000000 -1.000000 -0.000000 0.000000 0.126130 -0.000000 0.992014 1.706490 0.000000 0.000000 0.000000 1.000000
-0.992014 0.000000 0.126130 -2.178615 -0.000000 -1.000000 -0.000000 0.000000 0.126130 -0.000000 0.992014 1.706490 0.000000 0.000000 0.000000 1.000000
-0.992014 0.000000 0.126130 -1.733370 -0.000000 -1.000000 -0.000000 0.000000 0.126130 -0.000000 0.992014 1.706490 0.000000 0.000000 0.000000 1.000000
-0.992014 0.000000 0.126130 -1.103888 -0.000000 -1.000000 -0.000000 0.000000 0.126130 -0.000000 0.992014 1.706490 0.000000 0.000000 0.000000 1.000000
-0.992014 0.000000 0.126130 -0.382287 -0.000000 -1.000000 -0.000000 0.000000 0.126130 -0.000000 0.992014 1.706490 0.000000 0.000000 0.000000 1.000000
-0.992014 0.000000 0.126130 0.339316 -0.000000 -1.000000 -0.000000 0.000000 0.126130 -0.000000 0.992014 1.706490 0.000000 0.000000 0.000000 1.000000
-0.992014 0.000000 0.126130 0.968798 -0.000000 -1.000000 -0.000000 0.000000 0.126130 -0.000000 0.992014 1.706490 0.000000 0.000000 0.000000 1.000000
-0.992014 0.000000 0.126130 1.414042 -0.000000 -1.000000 -0.000000 0.000000 0.126130 -0.000000 0.992014 1.706490 0.000000 0.000000 0.000000 1.000000
-0.992014 0.000000 0.126130 1.582928 -0.000000 -1.000000 -0.000000 0.000000 0.126130 -0.000000 0.992014 1.706490 0.000000 0.000000 0.000000 1.000000</float_array><technique_common><accessor source="#L_wingIK-Matrix-animation-output-transform-array" count="32" stride="16"><param type="float4x4"/></accessor></technique_common></source><source id="L_wingIK-Interpolations"><Name_array id="L_wingIK-Interpolations-array" count="32">
 LINEAR LINEAR LINEAR LINEAR LINEAR LINEAR LINEAR LINEAR LINEAR LINEAR LINEAR
LINEAR LINEAR LINEAR LINEAR LINEAR LINEAR LINEAR LINEAR LINEAR LINEAR LINEAR LINEAR
LINEAR LINEAR LINEAR LINEAR LINEAR LINEAR LINEAR LINEAR LINEAR</Name_array><technique_common><accessor source="#L_wingIK-Interpolations-array" count="32"><param type="name"/></accessor></technique_common></source><sampler id="L_wingIK-Matrix-animation-transform"><input semantic="INPUT" source="#L_wingIK-Matrix-animation-input"/><input semantic="OUTPUT" source="#L_wingIK-Matrix-animation-output-transform"/><input semantic="INTERPOLATION" source="#L_wingIK-Interpolations"/></sampler><channel source="#L_wingIK-Matrix-animation-transform" target="L_wingIK/matrix"/></animation></animation>
    <animation id="R_wingIK-anim" name="R_wingIK"><animation><source id="R_wingIK-Matrix-animation-input"><float_array id="R_wingIK-Matrix-animation-input-array" count="32">

0.041667 0.083333 0.125000 0.166667 0.208333 0.250000 0.291667 0.333333 0.375000 0.416667 0.458333 0.500000 0.541667 0.583333 0.625000 0.666667
0.708333 0.750000 0.791667 0.833333 0.875000 0.916667 0.958333 1.000000 1.041667 1.083333 1.125000 1.166667 1.208333 1.250000 1.291667 1.333333</float_array><technique_common><accessor source="#R_wingIK-Matrix-animation-input-array" count="32"><param name="TIME" type="float"/></accessor></technique_common></source><source id="R_wingIK-Matrix-animation-output-transform"><float_array id="R_wingIK-Matrix-animation-output-transform-array" count="512">

0.992014 0.000000 -0.126130 1.582928 -0.000000 1.000000 -0.000000 0.000000 0.126130 0.000000 0.992014 -1.706488 0.000000 0.000000 0.000000 1.000000
0.992014 0.000000 -0.126130 1.771845 -0.000000 1.000000 -0.000000 0.000000 0.126130 0.000000 0.992014 -1.706488 0.000000 0.000000 0.000000 1.000000
0.992014 0.000000 -0.126130 2.259051 -0.000000 1.000000 -0.000000 0.000000 0.126130 0.000000 0.992014 -1.706488 0.000000 0.000000 0.000000 1.000000
0.992014 0.000000 -0.126130 2.925230 -0.000000 1.000000 -0.000000 0.000000 0.126130 0.000000 0.992014 -1.706488 0.000000 0.000000 0.000000 1.000000
0.992014 0.000000 -0.126130 3.651067 -0.000000 1.000000 -0.000000 0.000000 0.126130 0.000000 0.992014 -1.706488 0.000000 0.000000 0.000000 1.000000
0.992014 0.000000 -0.126130 4.317247 -0.000000 1.000000 -0.000000 0.000000 0.126130 0.000000 0.992014 -1.706488 0.000000 0.000000 0.000000 1.000000
0.992014 0.000000 -0.126130 4.804453 -0.000000 1.000000 -0.000000 0.000000 0.126130 0.000000 0.992014 -1.706488 0.000000 0.000000 0.000000 1.000000
0.992014 0.000000 -0.126130 4.993370 -0.000000 1.000000 -0.000000 0.000000 0.126130 0.000000 0.992014 -1.706488 0.000000 0.000000 0.000000 1.000000
0.992014 0.000000 -0.126130 4.897009 -0.000000 1.000000 -0.000000 0.000000 0.126130 0.000000 0.992014 -1.706488 0.000000 0.000000 0.000000 1.000000
0.992014 0.000000 -0.126130 4.632540 -0.000000 1.000000 -0.000000 0.000000 0.126130 0.000000 0.992014 -1.706488 0.000000 0.000000 0.000000 1.000000
0.992014 0.000000 -0.126130 4.236882 -0.000000 1.000000 -0.000000 0.000000 0.126130 0.000000 0.992014 -1.706488 0.000000 0.000000 0.000000 1.000000
0.992014 0.000000 -0.126130 3.746953 -0.000000 1.000000 -0.000000 0.000000 0.126130 0.000000 0.992014 -1.706488 0.000000 0.000000 0.000000 1.000000
0.992014 0.000000 -0.126130 3.199675 -0.000000 1.000000 -0.000000 0.000000 0.126130 0.000000 0.992014 -1.706488 0.000000 0.000000 0.000000 1.000000
0.992014 0.000000 -0.126130 2.631965 -0.000000 1.000000 -0.000000 0.000000 0.126130 0.000000 0.992014 -1.706488 0.000000 0.000000 0.000000 1.000000
0.992014 0.000000 -0.126130 2.080743 -0.000000 1.000000 -0.000000 0.000000 0.126130 0.000000 0.992014 -1.706488 0.000000 0.000000 0.000000 1.000000
0.992014 0.000000 -0.126130 1.582928 -0.000000 1.000000 -0.000000 0.000000 0.126130 0.000000 0.992014 -1.706488 0.000000 0.000000 0.000000 1.000000
0.992014 0.000000 -0.126130 1.062771 -0.000000 1.000000 -0.000000 0.000000 0.126130 0.000000 0.992014 -1.706488 0.000000 0.000000 0.000000 1.000000
0.992014 0.000000 -0.126130 0.452644 -0.000000 1.000000 -0.000000 0.000000 0.126130 0.000000 0.992014 -1.706488 0.000000 0.000000 0.000000 1.000000
0.992014 0.000000 -0.126130 -0.198346 -0.000000 1.000000 -0.000000 0.000000 0.126130 0.000000 0.992014 -1.706488 0.000000 0.000000 0.000000 1.000000
0.992014 0.000000 -0.126130 -0.841090 -0.000000 1.000000 -0.000000 0.000000 0.126130 0.000000 0.992014 -1.706488 0.000000 0.000000 0.000000 1.000000
0.992014 0.000000 -0.126130 -1.426485 -0.000000 1.000000 -0.000000 0.000000 0.126130 0.000000 0.992014 -1.706488 0.000000 0.000000 0.000000 1.000000
0.992014 0.000000 -0.126130 -1.905422 -0.000000 1.000000 -0.000000 0.000000 0.126130 0.000000 0.992014 -1.706488 0.000000 0.000000 0.000000 1.000000
0.992014 0.000000 -0.126130 -2.228796 -0.000000 1.000000 -0.000000 0.000000 0.126130 0.000000 0.992014 -1.706488 0.000000 0.000000 0.000000 1.000000
0.992014 0.000000 -0.126130 -2.347500 -0.000000 1.000000 -0.000000 0.000000 0.126130 0.000000 0.992014 -1.706488 0.000000 0.000000 0.000000 1.000000
0.992014 0.000000 -0.126130 -2.178615 -0.000000 1.000000 -0.000000 0.000000 0.126130 0.000000 0.992014 -1.706488 0.000000 0.000000 0.000000 1.000000
0.992014 0.000000 -0.126130 -1.733370 -0.000000 1.000000 -0.000000 0.000000 0.126130 0.000000 0.992014 -1.706488 0.000000 0.000000 0.000000 1.000000
0.992014 0.000000 -0.126130 -1.103888 -0.000000 1.000000 -0.000000 0.000000 0.126130 0.000000 0.992014 -1.706488 0.000000 0.000000 0.000000 1.000000
0.992014 0.000000 -0.126130 -0.382287 -0.000000 1.000000 -0.000000 0.000000 0.126130 0.000000 0.992014 -1.706488 0.000000 0.000000 0.000000 1.000000
0.992014 0.000000 -0.126130 0.339316 -0.000000 1.000000 -0.000000 0.000000 0.126130 0.000000 0.992014 -1.706488 0.000000 0.000000 0.000000 1.000000
0.992014 0.000000 -0.126130 0.968798 -0.000000 1.000000 -0.000000 0.000000 0.126130 0.000000 0.992014 -1.706488 0.000000 0.000000 0.000000 1.000000
0.992014 0.000000 -0.126130 1.414042 -0.000000 1.000000 -0.000000 0.000000 0.126130 0.000000 0.992014 -1.706488 0.000000 0.000000 0.000000 1.000000
0.992014 0.000000 -0.126130 1.582928 -0.000000 1.000000 -0.000000 0.000000 0.126130 0.000000 0.992014 -1.706488 0.000000 0.000000 0.000000 1.000000</float_array><technique_common><accessor source="#R_wingIK-Matrix-animation-output-transform-array" count="32" stride="16"><param type="float4x4"/></accessor></technique_common></source><source id="R_wingIK-Interpolations"><Name_array id="R_wingIK-Interpolations-array" count="32">
 LINEAR LINEAR LINEAR LINEAR LINEAR LINEAR LINEAR LINEAR LINEAR LINEAR LINEAR
LINEAR LINEAR LINEAR LINEAR LINEAR LINEAR LINEAR LINEAR LINEAR LINEAR LINEAR LINEAR
