<?xml version="1.0" encoding="utf-8"?>
<COLLADA xmlns="http://www.collada.org/2005/11/COLLADASchema" version="1.4.1">
  <asset><contributor><author></author><authoring_tool>FBX COLLADA exporter</authoring_tool><comments></comments></contributor><created>2014-05-12T00:46:29Z</created><keywords></keywords><modified>2014-05-12T00:46:29Z</modified><revision></revision><subject></subject><title></title><unit meter="0.010000" name="centimeter"></unit><up_axis>Y_UP</up_axis></asset>
  <library_images>
    <image id="file1-image" name="file1"><init_from>file://C:/Users/home/Documents/maya/projects/Deer/images/butterfly_texture.tga</init_from></image>
  </library_images>
  <library_materials>
    <material id="lambert1" name="lambert1">
      <instance_effect url="#lambert1-fx"/>
    </material>
  </library_materials>
  <library_effects>
    <effect id="lambert1-fx" name="lambert1">
      <profile_COMMON>
        <technique sid="standard">
          <lambert>
            <emission>
              <color sid="emission">0.000000  0.000000 0.000000 1.000000</color>
            </emission>
            <ambient>
              <color sid="ambient">0.000000  0.000000 0.000000 1.000000</color>
            </ambient>
            <diffuse>
              <texture texture="file1-image" texcoord="CHANNEL0">
                <extra>
                  <technique profile="MAYA">
                    <wrapU sid="wrapU0">TRUE</wrapU>
                    <wrapV sid="wrapV0">TRUE</wrapV>
                    <blend_mode>NONE</blend_mode>
                  </technique>
                </extra>
              </texture>
            </diffuse>
            <transparent opaque="RGB_ZERO">
              <color sid="transparent">0.000000  0.000000 0.000000 1.000000</color>
            </transparent>
            <transparency>
              <float sid="transparency">1.000000</float>
            </transparency>
          </lambert>
        </technique>
      </profile_COMMON>
    </effect>
  </library_effects>
  <library_geometries>
    <geometry id="pSphere1-lib" name="pSphere1Mesh">
      <mesh>
        <source id="pSphere1-POSITION">
          <float_array id="pSphere1-POSITION-array" count="114">
0.355292 -1.582494 -1.093476
-0.930166 -1.582494 -0.675806
-0.930166 -1.582494 0.675805
0.355292 -1.582494 1.093476
1.149749 -1.582494 0.000000
0.574875 -0.604459 -1.769282
-1.505041 -0.604459 -1.093477
-1.505041 -0.604459 1.093476
0.574874 -0.604459 1.769282
1.860333 -0.604459 0.000000
0.574875 0.604459 -1.769282
-1.505041 0.604459 -1.093477
-1.505041 0.604459 1.093476
0.574874 0.604459 1.769282
1.860333 0.604459 0.000000
0.355292 1.582494 -1.093476
-0.930166 1.582494 -0.675806
-0.930166 1.582494 0.675805
0.355292 1.582494 1.093476
1.149749 1.582494 0.000000
0.000000 -1.956070 0.000000
0.000000 1.956070 0.000000
1.097826 -0.604459 1.049501
1.337381 -0.604459 0.719781
1.337381 0.604459 0.719781
1.097826 0.604459 1.049501
1.337382 -0.604459 -0.719781
1.097826 -0.604459 -1.049501
1.097826 0.604459 -1.049501
1.337382 0.604459 -0.719781
9.850245 -3.376587 5.299134
10.026173 -3.376587 5.056990
10.026173 3.376587 5.056990
9.850245 3.376587 5.299134
10.026171 -3.376587 -5.056992
9.850245 -3.376587 -5.299136
9.850245 3.376587 -5.299136
10.026171 3.376587 -5.056992
</float_array>
          <technique_common>
            <accessor source="#pSphere1-POSITION-array" count="38" stride="3">
              <param name="X" type="float"/>
              <param name="Y" type="float"/>
              <param name="Z" type="float"/>
            </accessor>
          </technique_common>
        </source>
        <source id="pSphere1-Normal0">
          <float_array id="pSphere1-Normal0-array" count="648">
-0.266405 -0.506732 -0.819909
-0.266405 -0.506732 -0.819909
-0.266405 -0.506732 -0.819909
-0.266405 -0.506732 -0.819909
-0.266405 -0.506732 -0.819909
-0.266405 -0.506732 -0.819909
-0.862104 -0.506732 -0.000000
-0.862104 -0.506732 -0.000000
-0.862104 -0.506732 -0.000000
-0.862104 -0.506732 -0.000000
-0.862104 -0.506732 -0.000000
-0.862104 -0.506732 -0.000000
-0.266405 -0.506732 0.819909
-0.266405 -0.506732 0.819909
-0.266405 -0.506732 0.819909
-0.266405 -0.506732 0.819909
-0.266405 -0.506732 0.819909
-0.266405 -0.506732 0.819909
0.697457 -0.506732 0.506732
0.697457 -0.506732 0.506732
0.697457 -0.506732 0.506732
0.697457 -0.506732 0.506732
0.697457 -0.506732 0.506732
0.697457 -0.506732 0.506732
0.697457 -0.506732 -0.506732
0.697457 -0.506732 -0.506732
0.697456 -0.506732 -0.506732
0.697457 -0.506732 -0.506732
0.697457 -0.506732 -0.506732
0.697457 -0.506732 -0.506732
-0.309017 0.000000 -0.951056
-0.309017 0.000000 -0.951056
-0.309017 0.000000 -0.951056
-0.309017 0.000000 -0.951056
-0.309017 0.000000 -0.951056
-0.309017 0.000000 -0.951056
-1.000000 0.000000 0.000000
-1.000000 0.000000 0.000000
-1.000000 0.000000 0.000000
-1.000000 0.000000 0.000000
-1.000000 0.000000 0.000000
-1.000000 0.000000 0.000000
-0.309017 0.000000 0.951056
-0.309017 0.000000 0.951056
-0.309017 0.000000 0.951056
-0.309017 0.000000 0.951056
-0.309017 0.000000 0.951056
-0.309017 0.000000 0.951056
0.809016 0.000000 0.587786
0.809016 0.000000 0.587786
0.809016 0.000000 0.587786
0.809016 0.000000 0.587786
0.809016 0.000000 0.587786
0.809016 0.000000 0.587786
0.809020 0.000000 -0.587781
0.809020 0.000000 -0.587781
0.809020 0.000000 -0.587781
0.809020 0.000000 -0.587781
0.809020 0.000000 -0.587781
0.809020 0.000000 -0.587781
-0.266405 0.506732 -0.819909
-0.266405 0.506732 -0.819909
-0.266405 0.506732 -0.819909
-0.266405 0.506732 -0.819909
-0.266405 0.506732 -0.819909
-0.266405 0.506732 -0.819909
-0.862104 0.506732 -0.000000
-0.862104 0.506732 -0.000000
-0.862104 0.506732 -0.000000
-0.862104 0.506732 -0.000000
-0.862104 0.506732 -0.000000
-0.862104 0.506732 -0.000000
-0.266405 0.506732 0.819909
-0.266405 0.506732 0.819909
-0.266405 0.506732 0.819909
-0.266405 0.506732 0.819909
-0.266405 0.506732 0.819909
-0.266405 0.506732 0.819909
0.697457 0.506732 0.506732
0.697457 0.506732 0.506732
0.697457 0.506732 0.506732
0.697457 0.506732 0.506732
0.697457 0.506732 0.506732
0.697457 0.506732 0.506732
0.697457 0.506732 -0.506732
0.697457 0.506732 -0.506732
0.697457 0.506732 -0.506732
0.697457 0.506732 -0.506732
0.697456 0.506732 -0.506732
0.697457 0.506732 -0.506732
-0.115167 -0.927957 -0.354448
-0.115167 -0.927957 -0.354448
-0.115167 -0.927957 -0.354448
-0.372688 -0.927957 0.000000
-0.372688 -0.927957 0.000000
-0.372688 -0.927957 0.000000
-0.115167 -0.927957 0.354448
-0.115167 -0.927957 0.354448
-0.115167 -0.927957 0.354448
0.301511 -0.927956 0.219061
0.301511 -0.927956 0.219061
0.301511 -0.927956 0.219061
0.301511 -0.927957 -0.219061
0.301511 -0.927957 -0.219061
0.301511 -0.927957 -0.219061
-0.115167 0.927957 -0.354448
-0.115167 0.927957 -0.354448
-0.115167 0.927957 -0.354448
-0.372688 0.927957 0.000000
-0.372688 0.927957 0.000000
-0.372688 0.927957 0.000000
-0.115167 0.927957 0.354448
-0.115167 0.927957 0.354448
-0.115167 0.927957 0.354448
0.301511 0.927956 0.219061
0.301511 0.927956 0.219061
0.301511 0.927956 0.219061
0.301511 0.927957 -0.219061
0.301511 0.927957 -0.219061
0.301511 0.927956 -0.219061
0.000000 -0.948683 0.316228
0.000000 -0.000000 0.000000
0.000000 -0.000000 0.000000
0.000000 -0.000000 0.000000
0.000000 -0.948683 0.316228
0.000000 -0.948683 0.316228
0.809017 0.000000 0.587785
0.809017 0.000000 0.587785
0.809017 0.000000 0.587785
0.809017 0.000000 0.587785
0.809017 0.000000 0.587785
0.809017 0.000000 0.587785
0.000000 0.000000 0.000000
0.000000 0.970142 0.242536
0.000000 0.000000 0.000000
0.000000 0.970142 0.242536
0.000000 0.000000 0.000000
0.000000 0.970142 0.242536
0.809017 0.000000 0.587785
0.809017 0.000000 0.587785
0.809017 0.000000 0.587785
0.809017 0.000000 0.587785
0.809017 0.000000 0.587785
0.809017 0.000000 0.587785
0.000000 0.000000 0.000000
0.000000 0.000000 0.000000
0.000000 0.000000 0.000000
0.000000 0.000000 0.000000
0.000000 0.000000 0.000000
0.000000 0.000000 0.000000
0.809017 0.000000 -0.587785
0.809017 0.000000 -0.587785
0.809017 0.000000 -0.587785
0.809017 0.000000 -0.587785
0.809017 0.000000 -0.587785
0.809017 0.000000 -0.587785
0.000000 -0.000000 0.000000
0.000000 -0.000000 0.000000
0.000000 -1.000000 0.000000
0.000000 -1.000000 0.000000
0.000000 -1.000000 0.000000
0.000000 -0.000000 0.000000
0.809017 0.000000 -0.587785
0.809017 0.000000 -0.587785
0.809017 0.000000 -0.587785
0.809017 0.000000 -0.587785
0.809017 0.000000 -0.587785
0.809017 0.000000 -0.587785
-0.224904 -0.960582 -0.163402
-0.224904 -0.960582 -0.163402
-0.224904 -0.960582 -0.163402
-0.224904 -0.960582 -0.163402
-0.224904 -0.960582 -0.163402
-0.224904 -0.960582 -0.163402
0.446621 0.000000 -0.894723
0.446621 0.000000 -0.894723
0.446621 0.000000 -0.894723
0.446621 0.000000 -0.894723
0.446621 0.000000 -0.894723
0.446621 0.000000 -0.894723
-0.224904 0.960582 -0.163402
-0.224904 0.960582 -0.163402
-0.224904 0.960582 -0.163402
-0.224904 0.960582 -0.163402
-0.224904 0.960582 -0.163402
-0.224904 0.960582 -0.163402
-0.436776 0.000000 0.899570
-0.436776 0.000000 0.899570
-0.436776 0.000000 0.899570
-0.436776 0.000000 0.899570
-0.436776 0.000000 0.899570
-0.436776 0.000000 0.899570
-0.224904 -0.960582 0.163402
-0.224904 -0.960582 0.163402
-0.224904 -0.960582 0.163402
-0.224904 -0.960582 0.163402
-0.224904 -0.960582 0.163402
-0.224904 -0.960582 0.163402
-0.436776 0.000000 -0.899570
-0.436776 0.000000 -0.899570
-0.436776 0.000000 -0.899570
-0.436776 0.000000 -0.899570
-0.436776 0.000000 -0.899570
-0.436776 0.000000 -0.899570
-0.224904 0.960582 0.163402
-0.224904 0.960582 0.163402
-0.224904 0.960582 0.163402
-0.224904 0.960582 0.163402
-0.224904 0.960582 0.163402
-0.224904 0.960582 0.163402
0.446622 0.000000 0.894723
0.446622 0.000000 0.894723
0.446622 0.000000 0.894723
0.446622 0.000000 0.894723
0.446622 0.000000 0.894723
0.446622 0.000000 0.894723
</float_array>
          <technique_common>
            <accessor source="#pSphere1-Normal0-array" count="216" stride="3">
              <param name="X" type="float"/>
              <param name="Y" type="float"/>
              <param name="Z" type="float"/>
            </accessor>
          </technique_common>
        </source>
        <source id="pSphere1-UV0">
          <float_array id="pSphere1-UV0-array" count="76">
0.688296 0.181493
0.663829 0.181493
0.688296 0.378341
0.727884 0.378341
0.584653 0.181493
0.560187 0.378341
0.560187 0.181493
0.520599 0.378341
0.624241 0.181493
0.624241 0.378341
0.688296 0.621659
0.727884 0.621659
0.560187 0.621659
0.520599 0.621659
0.313824 -0.179603
0.328008 -0.179603
0.328008 1.179603
0.313824 1.179603
0.920475 -0.179603
0.934659 -0.179603
0.934659 1.179603
0.920475 1.179603
0.663829 0.818507
0.688296 0.818507
0.584653 0.818507
0.560187 0.818507
0.624241 0.621659
0.624241 0.818507
0.624241 0.106304
0.624241 0.893696
0.582077 0.378341
0.562763 0.378341
0.582077 0.621659
0.562763 0.621659
0.685720 0.378341
0.666405 0.378341
0.685720 0.621659
0.666405 0.621659
</float_array>
          <technique_common>
            <accessor source="#pSphere1-UV0-array" count="38" stride="2">
              <param name="S" type="float"/>
              <param name="T" type="float"/>
            </accessor>
          </technique_common>
        </source>
        <vertices id="pSphere1-VERTEX">
          <input semantic="POSITION" source="#pSphere1-POSITION"/>
        </vertices>
        <triangles count="72" material="lambert1"><input semantic="VERTEX" offset="0" source="#pSphere1-VERTEX"/><input semantic="NORMAL" offset="1" source="#pSphere1-Normal0"/><input semantic="TEXCOORD" offset="2" set="0" source="#pSphere1-UV0"/><p> 1 0 1 5 1 3 0 2 0 5 3 3 1 4 1 6 5 2 7 6 5 1 7 1 2 8 4 7 9 5 6 10 2 1 11 1 8 12 7 7 13 5 2 14 4 8 15 7 2 16 4 3 17 6 8 18 7 3 19 6 9 20 9 3 21 6 4 22 8 9 23 9 9 24 9 0 25 0 5 26 3 0 27 0 9 28 9 4 29 8 6 30 2 11 31 10 5 32 3 5 33 3 11 34 10 10 35 11 12 36 12 6 37 2 7 38 5 6 39 2 12 40 12 11 41 10 13 42 13 12 43 12 7 44 5 13 45 13 7 46 5 8 47 7 31 48 15 32 49 16 30 50 14 33 51 17 30 52 14 32 53 16 35 54 19 36 55 20 34 56 18 37 57 21 34 58 18 36 59 20 16 60 22 10 61 11 11 62 10 10 63 11 16 64 22 15 65 23 12 66 12 16 67 22 11 68 10 16 69 22 12 70 12 17 71 24 13 72 13 17 73 24 12 74 12 17 75 24 13 76 13 18 77 25 18 78 25 14 79 26 19 80 27 14 81 26 18 82 25 13 83 13 19 84 27 14 85 26 15 86 23 14 87 26 10 88 11 15 89 23 1 90 1 0 91 0 20 92 28 2 93 4 1 94 1 20 95 28 3 96 6 2 97 4 20 98 28 4 99 8 3 100 6 20 101 28 0 102 0 4 103 8 20 104 28 15 105 23 16 106 22 21 107 29 16 108 22 17 109 24 21 110 29 17 111 24 18 112 25 21 113 29 18 114 25 19 115 27 21 116 29 19 117 27 15 118 23 21 119 29 23 120 30 8 121 7 9 122 9 8 123 7 23 124 30 22 125 31 24 126 32 23 127 30 9 128 9 24 129 32 9 130 9 14 131 26 13 132 13 24 133 32 14 134 26 24 135 32 13 136 13 25 137 33 8 138 7 22 139 31 13 140 13 13 141 13 22 142 31 25 143 33 27 144 34 9 145 9 5 146 3 9 147 9 27 148 34 26 149 35 28 150 36 27 151 34 5 152 3 28 153 36 5 154 3 10 155 11 10 156 11 14 157 26 29 158 37 29 159 37 28 160 36 10 161 11 9 162 9 26 163 35 14 164 26 14 165 26 26 166 35 29 167 37 23 168 30 30 169 14 22 170 31 30 171 14 23 172 30 31 173 15 24 174 32 32 175 16 23 176 30 31 177 15 23 178 30 32 179 16 25 180 33 33 181 17 24 182 32 24 183 32 33 184 17 32 185 16 22 186 31 30 187 14 25 188 33 33 189 17 25 190 33 30 191 14 27 192 34 35 193 19 26 194 35 34 195 18 26 196 35 35 197 19 28 198 36 36 199 20 27 200 34 35 201 19 27 202 34 36 203 20 36 204 20 29 205 37 37 206 21 29 207 37 36 208 20 28 209 36 26 210 35 34 211 18 29 212 37 37 213 21 29 214 37 34 215 18</p></triangles>
      </mesh>
    </geometry>
  </library_geometries>
  <library_controllers>
    <controller id="pSphere1Controller">
      <skin source="#pSphere1-lib">
        <bind_shape_matrix>0.376342 -0.000000 0.000000 0.000000 0.000000 1.293060 -0.000000 0.000000 0.000000 0.000000 0.376342 0.000000 0.000000 0.000000 0.000000 1.000000
</bind_shape_matrix>
        <source id="pSphere1Controller-Joints">
          <Name_array id="pSphere1Controller-Joints-array" count="8">
 body_root body_1 body_2 wing_joint R_wingBase R_wingTip L_wingBase L_wingTip</Name_array>
          <technique_common>
            <accessor source="#pSphere1Controller-Joints-array" count="8">
              <param type="name"/>
            </accessor>
          </technique_common>
        </source>
        <source id="pSphere1Controller-Matrices">
          <float_array id="pSphere1Controller-Matrices-array" count="128">

0.000000 0.999988 -0.004854 2.224271 -0.000000 0.004854 0.999988 0.021622 1.000000 -0.000000 0.000000 -0.000000 0.000000 0.000000 0.000000 1.000000
0.000000 0.999954 0.009615 -0.005204 0.000000 0.009615 -0.999954 -0.021699 -1.000000 0.000000 -0.000000 -0.000000 0.000000 0.000000 0.000000 1.000000
1.000000 0.000000 0.000000 -0.000000 -0.000000 1.000000 0.000000 -2.256822 -0.000000 -0.000000 1.000000 0.000000 0.000000 0.000000 0.000000 1.000000
1.000000 -0.000000 0.000000 -0.424904 0.000000 1.000000 0.000000 -0.000000 -0.000000 -0.000000 1.000000 -0.010272 0.000000 0.000000 0.000000 1.000000
-0.992014 -0.000000 0.126130 0.547129 0.000000 -1.000000 -0.000000 -0.000000 0.126130 -0.000000 0.992014 -0.484163 0.000000 0.000000 0.000000 1.000000
0.900969 -0.000000 0.433884 -3.707615 0.000000 -1.000000 -0.000000 0.000000 0.433884 0.000000 -0.900969 0.108565 0.000000 0.000000 0.000000 1.000000
0.992014 -0.000000 0.126130 -0.547129 0.000000 1.000000 0.000000 -0.000000 -0.126130 -0.000000 0.992014 0.484163 0.000000 0.000000 0.000000 1.000000
-0.900969 -0.000000 0.433884 3.707611 -0.000000 1.000000 0.000000 0.000000 -0.433884 0.000000 -0.900969 -0.108565 0.000000 0.000000 0.000000 1.000000</float_array>
          <technique_common>
            <accessor source="#pSphere1Controller-Matrices-array" count="8" stride="16">
              <param type="float4x4"/>
            </accessor>
          </technique_common>
        </source>
        <source id="pSphere1Controller-Weights">
          <float_array id="pSphere1Controller-Weights-array" count="118">

1.000000 0.998348 0.998403 0.998122 0.001027 0.997848 0.001089 0.001063 0.997956 0.001023 0.001021 0.749998 0.106365 0.143637 0.861926 0.101658
0.036416 0.848127 0.109305 0.042568 0.707371 0.122286 0.170343 0.567749 0.213616 0.218635 0.105680 0.747800 0.146520 0.106510 0.856764 0.036726
0.111526 0.846616 0.041858 0.110016 0.720307 0.169677 0.102668 0.647959 0.249373 0.777281 0.221283 0.775094 0.223571 0.767781 0.230846 0.765446
0.233051 0.771286 0.227177 0.999973 0.499998 0.499998 0.056557 0.049850 0.060130 0.833463 0.055448 0.050453 0.058960 0.835139 0.043431 0.058122
0.061685 0.836763 0.043792 0.058933 0.062495 0.834780 0.056153 0.049969 0.058821 0.835057 0.057503 0.049228 0.059921 0.833347 0.044076 0.059377
0.062028 0.834520 0.043648 0.058451 0.061342 0.836559 0.042650 0.044844 0.834206 0.078301 0.042500 0.044677 0.834463 0.078360 0.042539 0.044666
0.834455 0.078340 0.042691 0.044832 0.834197 0.078280 0.042615 0.044644 0.834438 0.078303 0.042769 0.044809 0.834180 0.078241 0.042729 0.044821
0.834189 0.078261 0.042576 0.044655 0.834447 0.078322</float_array>
          <technique_common>
            <accessor source="#pSphere1Controller-Weights-array" count="118">
              <param type="float"/>
            </accessor>
          </technique_common>
        </source>
        <joints>
          <input semantic="JOINT" source="#pSphere1Controller-Joints"/>
          <input semantic="INV_BIND_MATRIX" source="#pSphere1Controller-Matrices"/>
        </joints>
        <vertex_weights count="38">
          <input semantic="JOINT" offset="0" source="#pSphere1Controller-Joints"/>
          <input semantic="WEIGHT" offset="1" source="#pSphere1Controller-Weights"/>
          <vcount>1 1 2 3 3 3 3 3 3 3 3 3 3 3 3 2 2 2 2 2 1 2 4 4 4 4 4 4 4 4 4 4 4 4 4 4 4 4</vcount>
          <v>0 1 0 2 0 3 1 4 0 5 1 6 3 7 0 8 1 9 3 10 0 11 1 12 3 13 0 14 1 15 3 16 0 17 1 18 3 19 0 20 1 21 3 22 0 23 1 24 3 25 0 26 1 27 3 28 0 29 1 30 3 31 0 32 1 33 3 34 0 35 1 36 3 37 0 38 1 39 3 40 1 41 2 42 1 43 2 44 1 45 2 46 1 47 2 48 1 49 2 50 0 51 1 52 2 53 0 54 1 55 3 56 4 57 0 58 1 59 3 60 4 61 0 62 1 63 3 64 4 65 0 66 1 67 3 68 4 69 0 70 1 71 3 72 6 73 0 74 1 75 3 76 6 77 0 78 1 79 3 80 6 81 0 82 1 83 3 84 6 85 0 86 3 87 4 88 5 89 0 90 3 91 4 92 5 93 1 94 3 95 4 96 5 97 1 98 3 99 4 100 5 101 0 102 3 103 6 104 7 105 0 106 3 107 6 108 7 109 1 110 3 111 6 112 7 113 1 114 3 115 6 116 7 117</v>
        </vertex_weights>
      </skin>
    </controller>
  </library_controllers>
  <library_animations>
    <animation id="R_wingBase-anim" name="R_wingBase"><animation><source id="R_wingBase-Matrix-animation-input"><float_array id="R_wingBase-Matrix-animation-input-array" count="32">

0.041667 0.083333 0.125000 0.166667 0.208333 0.250000 0.291667 0.333333 0.375000 0.416667 0.458333 0.500000 0.541667 0.583333 0.625000 0.666667
0.708333 0.750000 0.791667 0.833333 0.875000 0.916667 0.958333 1.000000 1.041667 1.083333 1.125000 1.166667 1.208333 1.250000 1.291667 1.333333</float_array><technique_common><accessor source="#R_wingBase-Matrix-animation-input-array" count="32"><param name="TIME" type="float"/></accessor></technique_common></source><source id="R_wingBase-Matrix-animation-output-transform"><float_array id="R_wingBase-Matrix-animation-output-transform-array" count="512">

-0.939976 -0.000000 -0.341240 0.178923 0.000000 -1.000000 0.000000 0.000000 -0.341240 0.000000 0.939976 0.401015 0.000000 0.000000 0.000000 1.000000
-0.965946 -0.000000 -0.258742 0.178923 0.000000 -1.000000 0.000000 0.000000 -0.258742 0.000000 0.965946 0.401015 0.000000 0.000000 0.000000 1.000000
-0.996068 -0.000000 -0.088593 0.178923 0.000000 -1.000000 0.000000 0.000000 -0.088593 0.000000 0.996068 0.401015 0.000000 0.000000 0.000000 1.000000
-0.997800 0.000000 0.066299 0.178923 0.000000 -1.000000 0.000000 0.000000 0.066299 0.000000 0.997800 0.401015 0.000000 0.000000 0.000000 1.000000
-0.985011 0.000000 0.172494 0.178923 0.000000 -1.000000 0.000000 0.000000 0.172494 0.000000 0.985011 0.401015 0.000000 0.000000 0.000000 1.000000
-0.971416 0.000000 0.237382 0.178923 0.000000 -1.000000 0.000000 0.000000 0.237382 0.000000 0.971416 0.401015 0.000000 0.000000 0.000000 1.000000
-0.962104 0.000000 0.272682 0.178923 0.000000 -1.000000 0.000000 0.000000 0.272682 0.000000 0.962104 0.401015 0.000000 0.000000 0.000000 1.000000
-0.958716 0.000000 0.284364 0.178923 0.000000 -1.000000 0.000000 0.000000 0.284364 0.000000 0.958716 0.401015 0.000000 0.000000 0.000000 1.000000
-0.960428 0.000000 0.278528 0.178923 0.000000 -1.000000 0.000000 0.000000 0.278528 0.000000 0.960428 0.401015 0.000000 0.000000 0.000000 1.000000
-0.965299 0.000000 0.261146 0.178923 0.000000 -1.000000 0.000000 0.000000 0.261146 0.000000 0.965299 0.401015 0.000000 0.000000 0.000000 1.000000
-0.973022 0.000000 0.230711 0.178923 0.000000 -1.000000 0.000000 0.000000 0.230711 0.000000 0.973022 0.401015 0.000000 0.000000 0.000000 1.000000
-0.983047 0.000000 0.183351 0.178923 0.000000 -1.000000 0.000000 0.000000 0.183351 0.000000 0.983047 0.401015 0.000000 0.000000 0.000000 1.000000
-0.993683 0.000000 0.112221 0.178923 0.000000 -1.000000 0.000000 0.000000 0.112221 0.000000 0.993683 0.401015 0.000000 0.000000 0.000000 1.000000
-0.999976 0.000000 0.006935 0.178923 0.000000 -1.000000 0.000000 0.000000 0.006935 0.000000 0.999976 0.401015 0.000000 0.000000 0.000000 1.000000
-0.989553 -0.000000 -0.144171 0.178923 0.000000 -1.000000 0.000000 0.000000 -0.144171 0.000000 0.989553 0.401015 0.000000 0.000000 0.000000 1.000000
-0.939976 -0.000000 -0.341240 0.178923 0.000000 -1.000000 0.000000 0.000000 -0.341240 0.000000 0.939976 0.401015 0.000000 0.000000 0.000000 1.000000
-0.793052 -0.000000 -0.609154 0.178923 0.000000 -1.000000 0.000000 0.000000 -0.609154 0.000000 0.793052 0.401015 0.000000 0.000000 0.000000 1.000000
-0.443112 0.000000 -0.896466 0.178923 0.000000 -1.000000 -0.000000 0.000000 -0.896466 -0.000000 0.443112 0.401015 0.000000 0.000000 0.000000 1.000000
-0.020745 0.000000 -0.999785 0.178923 0.000000 -1.000000 -0.000000 0.000000 -0.999785 -0.000000 0.020745 0.401015 0.000000 0.000000 0.000000 1.000000
0.261634 -0.000000 -0.965167 0.178923 -0.000000 -1.000000 0.000000 0.000000 -0.965167 -0.000000 -0.261634 0.401015 0.000000 0.000000 0.000000 1.000000
0.414765 -0.000000 -0.909929 0.178923 -0.000000 -1.000000 0.000000 0.000000 -0.909929 -0.000000 -0.414765 0.401015 0.000000 0.000000 0.000000 1.000000
0.496037 -0.000000 -0.868301 0.178923 -0.000000 -1.000000 0.000000 0.000000 -0.868301 -0.000000 -0.496037 0.401015 0.000000 0.000000 0.000000 1.000000
0.536823 -0.000000 -0.843695 0.178923 -0.000000 -1.000000 0.000000 0.000000 -0.843695 -0.000000 -0.536823 0.401015 0.000000 0.000000 0.000000 1.000000
0.549682 -0.000000 -0.835374 0.178923 -0.000000 -1.000000 0.000000 0.000000 -0.835374 -0.000000 -0.549682 0.401015 0.000000 0.000000 0.000000 1.000000
0.531074 -0.000000 -0.847325 0.178923 -0.000000 -1.000000 0.000000 0.000000 -0.847325 -0.000000 -0.531074 0.401015 0.000000 0.000000 0.000000 1.000000
0.470177 -0.000000 -0.882572 0.178923 -0.000000 -1.000000 0.000000 0.000000 -0.882572 -0.000000 -0.470177 0.401015 0.000000 0.000000 0.000000 1.000000
0.339747 -0.000000 -0.940517 0.178923 -0.000000 -1.000000 0.000000 0.000000 -0.940517 -0.000000 -0.339747 0.401015 0.000000 0.000000 0.000000 1.000000
0.075393 -0.000000 -0.997154 0.178923 -0.000000 -1.000000 0.000000 0.000000 -0.997154 -0.000000 -0.075393 0.401015 0.000000 0.000000 0.000000 1.000000
-0.365168 0.000000 -0.930942 0.178923 0.000000 -1.000000 -0.000000 0.000000 -0.930942 -0.000000 0.365168 0.401015 0.000000 0.000000 0.000000 1.000000
-0.751235 -0.000000 -0.660035 0.178923 0.000000 -1.000000 0.000000 0.000000 -0.660035 0.000000 0.751235 0.401015 0.000000 0.000000 0.000000 1.000000
-0.906222 -0.000000 -0.422802 0.178923 0.000000 -1.000000 0.000000 0.000000 -0.422802 0.000000 0.906222 0.401015 0.000000 0.000000 0.000000 1.000000
-0.939976 -0.000000 -0.341240 0.178923 0.000000 -1.000000 0.000000 0.000000 -0.341240 0.000000 0.939976 0.401015 0.000000 0.000000 0.000000 1.000000</float_array><technique_common><accessor source="#R_wingBase-Matrix-animation-output-transform-array" count="32" stride="16"><param type="float4x4"/></accessor></technique_common></source><source id="R_wingBase-Interpolations"><Name_array id="R_wingBase-Interpolations-array" count="32">
 LINEAR LINEAR LINEAR LINEAR LINEAR LINEAR LINEAR LINEAR LINEAR LINEAR LINEAR
LINEAR LINEAR LINEAR LINEAR LINEAR LINEAR LINEAR LINEAR LINEAR LINEAR LINEAR LINEAR
LINEAR LINEAR LINEAR LINEAR LINEAR LINEAR LINEAR LINEAR LINEAR</Name_array><technique_common><accessor source="#R_wingBase-Interpolations-array" count="32"><param type="name"/></accessor></technique_common></source><sampler id="R_wingBase-Matrix-animation-transform"><input semantic="INPUT" source="#R_wingBase-Matrix-animation-input"/><input semantic="OUTPUT" source="#R_wingBase-Matrix-animation-output-transform"/><input semantic="INTERPOLATION" source="#R_wingBase-Interpolations"/></sampler><channel source="#R_wingBase-Matrix-animation-transform" target="R_wingBase/matrix"/></animation></animation>
    <animation id="R_wingTip-anim" name="R_wingTip"><animation><source id="R_wingTip-Matrix-animation-input"><float_array id="R_wingTip-Matrix-animation-input-array" count="32">

0.041667 0.083333 0.125000 0.166667 0.208333 0.250000 0.291667 0.333333 0.375000 0.416667 0.458333 0.500000 0.541667 0.583333 0.625000 0.666667
0.708333 0.750000 0.791667 0.833333 0.875000 0.916667 0.958333 1.000000 1.041667 1.083333 1.125000 1.166667 1.208333 1.250000 1.291667 1.333333</float_array><technique_common><accessor source="#R_wingTip-Matrix-animation-input-array" count="32"><param name="TIME" type="float"/></accessor></technique_common></source><source id="R_wingTip-Matrix-animation-output-transform"><float_array id="R_wingTip-Matrix-animation-output-transform-array" count="512">

-0.839047 0.000000 -0.544058 -2.504670 0.000000 1.000000 -0.000000 -0.000000 0.544058 0.000000 -0.839047 1.624087 0.000000 0.000000 0.000000 1.000000
-0.839047 0.000000 -0.544058 -2.504670 0.000000 1.000000 0.000000 -0.000000 0.544058 0.000000 -0.839047 1.624087 0.000000 0.000000 0.000000 1.000000
-0.839047 0.000000 -0.544058 -2.504670 0.000000 1.000000 -0.000000 -0.000000 0.544058 -0.000000 -0.839047 1.624087 0.000000 0.000000 0.000000 1.000000
-0.839047 0.000000 -0.544058 -2.504670 0.000000 1.000000 0.000000 -0.000000 0.544058 0.000000 -0.839047 1.624087 0.000000 0.000000 0.000000 1.000000
-0.839047 -0.000000 -0.544058 -2.504670 0.000000 1.000000 0.000000 -0.000000 0.544058 -0.000000 -0.839047 1.624087 0.000000 0.000000 0.000000 1.000000
-0.839047 -0.000000 -0.544058 -2.504670 -0.000000 1.000000 -0.000000 -0.000000 0.544058 0.000000 -0.839047 1.624087 0.000000 0.000000 0.000000 1.000000
-0.839047 0.000000 -0.544058 -2.504670 0.000000 1.000000 -0.000000 -0.000000 0.544058 -0.000000 -0.839047 1.624087 0.000000 0.000000 0.000000 1.000000
-0.839047 0.000000 -0.544058 -2.504670 -0.000000 1.000000 0.000000 -0.000000 0.544058 0.000000 -0.839047 1.624087 0.000000 0.000000 0.000000 1.000000
-0.839047 -0.000000 -0.544058 -2.504670 -0.000000 1.000000 0.000000 -0.000000 0.544058 0.000000 -0.839047 1.624087 0.000000 0.000000 0.000000 1.000000
-0.839047 0.000000 -0.544058 -2.504670 0.000000 1.000000 0.000000 -0.000000 0.544058 0.000000 -0.839047 1.624087 0.000000 0.000000 0.000000 1.000000
-0.839047 0.000000 -0.544058 -2.504670 -0.000000 1.000000 0.000000 -0.000000 0.544058 0.000000 -0.839047 1.624087 0.000000 0.000000 0.000000 1.000000
-0.839047 -0.000000 -0.544058 -2.504670 -0.000000 1.000000 0.000000 -0.000000 0.544058 -0.000000 -0.839047 1.624087 0.000000 0.000000 0.000000 1.000000
-0.839047 0.000000 -0.544058 -2.504670 0.000000 1.000000 -0.000000 -0.000000 0.544058 0.000000 -0.839047 1.624087 0.000000 0.000000 0.000000 1.000000
-0.839047 0.000000 -0.544058 -2.504670 0.000000 1.000000 -0.000000 -0.000000 0.544058 -0.000000 -0.839047 1.624087 0.000000 0.000000 0.000000 1.000000
-0.839047 -0.000000 -0.544058 -2.504670 0.000000 1.000000 0.000000 -0.000000 0.544058 0.000000 -0.839047 1.624087 0.000000 0.000000 0.000000 1.000000
-0.839047 0.000000 -0.544058 -2.504670 0.000000 1.000000 -0.000000 -0.000000 0.544058 0.000000 -0.839047 1.624087 0.000000 0.000000 0.000000 1.000000
-0.839047 0.000000 -0.544058 -2.504670 0.000000 1.000000 -0.000000 -0.000000 0.544058 0.000000 -0.839047 1.624087 0.000000 0.000000 0.000000 1.000000
-0.839047 0.000000 -0.544058 -2.504670 0.000000 1.000000 -0.000000 -0.000000 0.544058 0.000000 -0.839047 1.624087 0.000000 0.000000 0.000000 1.000000
-0.839047 -0.000000 -0.544058 -2.504670 0.000000 1.000000 0.000000 -0.000000 0.544058 -0.000000 -0.839047 1.624087 0.000000 0.000000 0.000000 1.000000
-0.839047 0.000000 -0.544058 -2.504670 0.000000 1.000000 -0.000000 -0.000000 0.544058 0.000000 -0.839047 1.624087 0.000000 0.000000 0.000000 1.000000
-0.839047 0.000000 -0.544058 -2.504670 -0.000000 1.000000 -0.000000 -0.000000 0.544058 0.000000 -0.839047 1.624087 0.000000 0.000000 0.000000 1.000000
-0.839047 0.000000 -0.544058 -2.504670 0.000000 1.000000 0.000000 -0.000000 0.544058 -0.000000 -0.839047 1.624087 0.000000 0.000000 0.000000 1.000000
-0.839047 0.000000 -0.544058 -2.504670 0.000000 1.000000 0.000000 -0.000000 0.544058 0.000000 -0.839047 1.624087 0.000000 0.000000 0.000000 1.000000
-0.839047 -0.000000 -0.544058 -2.504670 -0.000000 1.000000 0.000000 -0.000000 0.544058 -0.000000 -0.839047 1.624087 0.000000 0.000000 0.000000 1.000000
-0.839047 0.000000 -0.544058 -2.504670 0.000000 1.000000 0.000000 -0.000000 0.544058 -0.000000 -0.839047 1.624087 0.000000 0.000000 0.000000 1.000000
-0.839047 0.000000 -0.544058 -2.504670 0.000000 1.000000 -0.000000 -0.000000 0.544058 0.000000 -0.839047 1.624087 0.000000 0.000000 0.000000 1.000000
-0.839047 0.000000 -0.544058 -2.504670 0.000000 1.000000 0.000000 -0.000000 0.544058 0.000000 -0.839047 1.624087 0.000000 0.000000 0.000000 1.000000
-0.839047 0.000000 -0.544058 -2.504670 0.000000 1.000000 0.000000 -0.000000 0.544058 -0.000000 -0.839047 1.624087 0.000000 0.000000 0.000000 1.000000
-0.839047 0.000000 -0.544058 -2.504670 -0.000000 1.000000 0.000000 -0.000000 0.544058 0.000000 -0.839047 1.624087 0.000000 0.000000 0.000000 1.000000
-0.839047 0.000000 -0.544058 -2.504670 0.000000 1.000000 -0.000000 -0.000000 0.544058 0.000000 -0.839047 1.624087 0.000000 0.000000 0.000000 1.000000
-0.839047 0.000000 -0.544058 -2.504670 0.000000 1.000000 -0.000000 -0.000000 0.544058 0.000000 -0.839047 1.624087 0.000000 0.000000 0.000000 1.000000
-0.839047 0.000000 -0.544058 -2.504670 0.000000 1.000000 -0.000000 -0.000000 0.544058 0.000000 -0.839047 1.624087 0.000000 0.000000 0.000000 1.000000</float_array><technique_common><accessor source="#R_wingTip-Matrix-animation-output-transform-array" count="32" stride="16"><param type="float4x4"/></accessor></technique_common></source><source id="R_wingTip-Interpolations"><Name_array id="R_wingTip-Interpolations-array" count="32">
 LINEAR LINEAR LINEAR LINEAR LINEAR LINEAR LINEAR LINEAR LINEAR LINEAR LINEAR
LINEAR LINEAR LINEAR LINEAR LINEAR LINEAR LINEAR LINEAR LINEAR LINEAR LINEAR LINEAR
LINEAR LINEAR LINEAR LINEAR LINEAR LINEAR LINEAR LINEAR LINEAR</Name_array><technique_common><accessor source="#R_wingTip-Interpolations-array" count="32"><param type="name"/></accessor></technique_common></source><sampler id="R_wingTip-Matrix-animation-transform"><input semantic="INPUT" source="#R_wingTip-Matrix-animation-input"/><input semantic="OUTPUT" source="#R_wingTip-Matrix-animation-output-transform"/><input semantic="INTERPOLATION" source="#R_wingTip-Interpolations"/></sampler><channel source="#R_wingTip-Matrix-animation-transform" target="R_wingTip/matrix"/></animation></animation>
    <animation id="L_wingBase-anim" name="L_wingBase"><animation><source id="L_wingBase-Matrix-animation-input"><float_array id="L_wingBase-Matrix-animation-input-array" count="32">

0.041667 0.083333 0.125000 0.166667 0.208333 0.250000 0.291667 0.333333 0.375000 0.416667 0.458333 0.500000 0.541667 0.583333 0.625000 0.666667
0.708333 0.750000 0.791667 0.833333 0.875000 0.916667 0.958333 1.000000 1.041667 1.083333 1.125000 1.166667 1.208333 1.250000 1.291667 1.333333</float_array><technique_common><accessor source="#L_wingBase-Matrix-animation-input-array" count="32"><param name="TIME" type="float"/></accessor></technique_common></source><source id="L_wingBase-Matrix-animation-output-transform"><float_array id="L_wingBase-Matrix-animation-output-transform-array" count="512">

0.939977 0.000000 0.341239 0.178923 -0.000000 1.000000 0.000000 0.000000 -0.341239 -0.000000 0.939977 -0.421558 0.000000 0.000000 0.000000 1.000000
0.965947 0.000000 0.258742 0.178923 -0.000000 1.000000 0.000000 0.000000 -0.258742 -0.000000 0.965947 -0.421558 0.000000 0.000000 0.000000 1.000000
0.996068 -0.000000 0.088592 0.178923 0.000000 1.000000 0.000000 0.000000 -0.088592 -0.000000 0.996068 -0.421558 0.000000 0.000000 0.000000 1.000000
0.997800 -0.000000 -0.066300 0.178923 0.000000 1.000000 0.000000 0.000000 0.066300 -0.000000 0.997800 -0.421558 0.000000 0.000000 0.000000 1.000000
0.985011 -0.000000 -0.172494 0.178923 0.000000 1.000000 0.000000 0.000000 0.172494 -0.000000 0.985011 -0.421558 0.000000 0.000000 0.000000 1.000000
0.971416 -0.000000 -0.237383 0.178923 0.000000 1.000000 0.000000 0.000000 0.237383 -0.000000 0.971416 -0.421558 0.000000 0.000000 0.000000 1.000000
0.962104 -0.000000 -0.272683 0.178923 0.000000 1.000000 0.000000 0.000000 0.272683 -0.000000 0.962104 -0.421558 0.000000 0.000000 0.000000 1.000000
0.958716 -0.000000 -0.284364 0.178923 0.000000 1.000000 0.000000 0.000000 0.284364 -0.000000 0.958716 -0.421558 0.000000 0.000000 0.000000 1.000000
0.960428 -0.000000 -0.278529 0.178923 0.000000 1.000000 0.000000 0.000000 0.278529 -0.000000 0.960428 -0.421558 0.000000 0.000000 0.000000 1.000000
0.965299 -0.000000 -0.261147 0.178923 0.000000 1.000000 0.000000 0.000000 0.261147 -0.000000 0.965299 -0.421558 0.000000 0.000000 0.000000 1.000000
0.973022 -0.000000 -0.230711 0.178923 0.000000 1.000000 0.000000 0.000000 0.230711 -0.000000 0.973022 -0.421558 0.000000 0.000000 0.000000 1.000000
0.983047 -0.000000 -0.183352 0.178923 0.000000 1.000000 0.000000 0.000000 0.183352 -0.000000 0.983047 -0.421558 0.000000 0.000000 0.000000 1.000000
0.993683 -0.000000 -0.112221 0.178923 0.000000 1.000000 0.000000 0.000000 0.112221 -0.000000 0.993683 -0.421558 0.000000 0.000000 0.000000 1.000000
0.999976 -0.000000 -0.006936 0.178923 0.000000 1.000000 0.000000 0.000000 0.006936 -0.000000 0.999976 -0.421558 0.000000 0.000000 0.000000 1.000000
0.989553 -0.000000 0.144171 0.178923 0.000000 1.000000 0.000000 0.000000 -0.144171 -0.000000 0.989553 -0.421558 0.000000 0.000000 0.000000 1.000000
0.939977 0.000000 0.341239 0.178923 -0.000000 1.000000 0.000000 0.000000 -0.341239 -0.000000 0.939977 -0.421558 0.000000 0.000000 0.000000 1.000000
0.793053 0.000000 0.609153 0.178923 -0.000000 1.000000 -0.000000 0.000000 -0.609153 -0.000000 0.793053 -0.421558 0.000000 0.000000 0.000000 1.000000
0.443112 0.000000 0.896466 0.178923 -0.000000 1.000000 -0.000000 0.000000 -0.896466 -0.000000 0.443112 -0.421558 0.000000 0.000000 0.000000 1.000000
0.020745 0.000000 0.999785 0.178923 -0.000000 1.000000 -0.000000 0.000000 -0.999785 -0.000000 0.020745 -0.421558 0.000000 0.000000 0.000000 1.000000
-0.261635 -0.000000 0.965167 0.178923 0.000000 1.000000 0.000000 0.000000 -0.965167 0.000000 -0.261635 -0.421558 0.000000 0.000000 0.000000 1.000000
-0.414765 -0.000000 0.909928 0.178923 0.000000 1.000000 0.000000 0.000000 -0.909928 0.000000 -0.414765 -0.421558 0.000000 0.000000 0.000000 1.000000
-0.496037 -0.000000 0.868301 0.178923 0.000000 1.000000 0.000000 0.000000 -0.868301 0.000000 -0.496037 -0.421558 0.000000 0.000000 0.000000 1.000000
-0.536824 -0.000000 0.843695 0.178923 0.000000 1.000000 0.000000 0.000000 -0.843695 0.000000 -0.536824 -0.421558 0.000000 0.000000 0.000000 1.000000
-0.549682 -0.000000 0.835374 0.178923 0.000000 1.000000 -0.000000 0.000000 -0.835374 0.000000 -0.549682 -0.421558 0.000000 0.000000 0.000000 1.000000
-0.531075 -0.000000 0.847325 0.178923 0.000000 1.000000 0.000000 0.000000 -0.847325 0.000000 -0.531075 -0.421558 0.000000 0.000000 0.000000 1.000000
-0.470177 -0.000000 0.882572 0.178923 0.000000 1.000000 0.000000 0.000000 -0.882572 0.000000 -0.470177 -0.421558 0.000000 0.000000 0.000000 1.000000
-0.339747 -0.000000 0.940517 0.178923 0.000000 1.000000 0.000000 0.000000 -0.940517 0.000000 -0.339747 -0.421558 0.000000 0.000000 0.000000 1.000000
-0.075393 -0.000000 0.997154 0.178923 0.000000 1.000000 0.000000 0.000000 -0.997154 0.000000 -0.075393 -0.421558 0.000000 0.000000 0.000000 1.000000
0.365168 0.000000 0.930942 0.178923 -0.000000 1.000000 -0.000000 0.000000 -0.930942 -0.000000 0.365168 -0.421558 0.000000 0.000000 0.000000 1.000000
0.751235 0.000000 0.660034 0.178923 -0.000000 1.000000 -0.000000 0.000000 -0.660034 -0.000000 0.751235 -0.421558 0.000000 0.000000 0.000000 1.000000
0.906222 0.000000 0.422801 0.178923 -0.000000 1.000000 0.000000 0.000000 -0.422801 -0.000000 0.906222 -0.421558 0.000000 0.000000 0.000000 1.000000
0.939977 0.000000 0.341239 0.178923 -0.000000 1.000000 0.000000 0.000000 -0.341239 -0.000000 0.939977 -0.421558 0.000000 0.000000 0.000000 1.000000</float_array><technique_common><accessor source="#L_wingBase-Matrix-animation-output-transform-array" count="32" stride="16"><param type="float4x4"/></accessor></technique_common></source><source id="L_wingBase-Interpolations"><Name_array id="L_wingBase-Interpolations-array" count="32">
 LINEAR LINEAR LINEAR LINEAR LINEAR LINEAR LINEAR LINEAR LINEAR LINEAR LINEAR
LINEAR LINEAR LINEAR LINEAR LINEAR LINEAR LINEAR LINEAR LINEAR LINEAR LINEAR LINEAR
LINEAR LINEAR LINEAR LINEAR LINEAR LINEAR LINEAR LINEAR LINEAR</Name_array><technique_common><accessor source="#L_wingBase-Interpolations-array" count="32"><param type="name"/></accessor></technique_common></source><sampler id="L_wingBase-Matrix-animation-transform"><input semantic="INPUT" source="#L_wingBase-Matrix-animation-input"/><input semantic="OUTPUT" source="#L_wingBase-Matrix-animation-output-transform"/><input semantic="INTERPOLATION" source="#L_wingBase-Interpolations"/></sampler><channel source="#L_wingBase-Matrix-animation-transform" target="L_wingBase/matrix"/></animation></animation>
    <animation id="L_wingTip-anim" name="L_wingTip"><animation><source id="L_wingTip-Matrix-animation-input"><float_array id="L_wingTip-Matrix-animation-input-array" count="32">

0.041667 0.083333 0.125000 0.166667 0.208333 0.250000 0.291667 0.333333 0.375000 0.416667 0.458333 0.500000 0.541667 0.583333 0.625000 0.666667
0.708333 0.750000 0.791667 0.833333 0.875000 0.916667 0.958333 1.000000 1.041667 1.083333 1.125000 1.166667 1.208333 1.250000 1.291667 1.333333</float_array><technique_common><accessor source="#L_wingTip-Matrix-animation-input-array" count="32"><param name="TIME" type="float"/></accessor></technique_common></source><source id="L_wingTip-Matrix-animation-output-transform"><float_array id="L_wingTip-Matrix-animation-output-transform-array" count="512">

-0.839047 0.000000 -0.544058 2.504667 -0.000000 1.000000 0.000000 -0.000000 0.544058 0.000000 -0.839047 -1.624086 0.000000 0.000000 0.000000 1.000000
-0.839047 0.000000 -0.544058 2.504667 0.000000 1.000000 -0.000000 -0.000000 0.544058 -0.000000 -0.839047 -1.624086 0.000000 0.000000 0.000000 1.000000
-0.839047 0.000000 -0.544058 2.504667 0.000000 1.000000 -0.000000 -0.000000 0.544058 -0.000000 -0.839047 -1.624086 0.000000 0.000000 0.000000 1.000000
-0.839047 -0.000000 -0.544058 2.504667 -0.000000 1.000000 0.000000 -0.000000 0.544058 0.000000 -0.839047 -1.624086 0.000000 0.000000 0.000000 1.000000
-0.839047 0.000000 -0.544058 2.504667 0.000000 1.000000 -0.000000 -0.000000 0.544058 0.000000 -0.839047 -1.624086 0.000000 0.000000 0.000000 1.000000
-0.839047 0.000000 -0.544058 2.504667 -0.000000 1.000000 0.000000 -0.000000 0.544058 0.000000 -0.839047 -1.624086 0.000000 0.000000 0.000000 1.000000
