<?xml version="1.0" encoding="utf-8"?>
<COLLADA xmlns="http://www.collada.org/2005/11/COLLADASchema" version="1.4.1">
  <asset><contributor><author></author><authoring_tool>FBX COLLADA exporter</authoring_tool><comments></comments></contributor><created>2014-04-30T21:38:09Z</created><keywords></keywords><modified>2014-04-30T21:38:09Z</modified><revision></revision><subject></subject><title></title><unit meter="0.010000" name="centimeter"></unit><up_axis>Y_UP</up_axis></asset>
  <library_materials>
    <material id="lambert1" name="lambert1">
      <instance_effect url="#lambert1-fx"/>
    </material>
  </library_materials>
  <library_effects>
    <effect id="lambert1-fx" name="lambert1">
      <profile_COMMON>
        <technique sid="standard">
          <lambert>
            <emission>
              <color sid="emission">0.000000  0.000000 0.000000 1.000000</color>
            </emission>
            <ambient>
              <color sid="ambient">0.000000  0.000000 0.000000 1.000000</color>
            </ambient>
            <diffuse>
              <color sid="diffuse">0.400000  0.400000 0.400000 1.000000</color>
            </diffuse>
            <transparent opaque="RGB_ZERO">
              <color sid="transparent">0.000000  0.000000 0.000000 1.000000</color>
            </transparent>
            <transparency>
              <float sid="transparency">1.000000</float>
            </transparency>
          </lambert>
        </technique>
      </profile_COMMON>
    </effect>
  </library_effects>
  <library_geometries>
    <geometry id="pCylinder1-lib" name="pCylinder1Mesh">
      <mesh>
        <source id="pCylinder1-POSITION">
          <float_array id="pCylinder1-POSITION-array" count="126">
7.884315 -7.303902 -2.561769
6.706799 -7.303902 -4.872774
4.872774 -7.303902 -6.706798
2.561769 -7.303902 -7.884314
0.000000 -7.303902 -8.290057
-2.561769 -7.303902 -7.884313
-4.872773 -7.303902 -6.706797
-6.706796 -7.303902 -4.872773
-7.884312 -7.303902 -2.561768
-8.290055 -7.303902 0.000000
-7.884312 -7.303902 2.561768
-6.706796 -7.303902 4.872772
-4.872772 -7.303902 6.706795
-2.561768 -7.303902 7.884310
-0.000000 -7.303902 8.290054
2.561767 -7.303902 7.884310
4.872771 -7.303902 6.706795
6.706794 -7.303902 4.872772
7.884309 -7.303902 2.561767
8.290053 -7.303902 0.000000
7.884315 7.303902 -2.561769
6.706799 7.303902 -4.872774
4.872774 7.303902 -6.706798
2.561769 7.303902 -7.884314
0.000000 7.303902 -8.290057
-2.561769 7.303902 -7.884313
-4.872773 7.303902 -6.706797
-6.706796 7.303902 -4.872773
-7.884312 7.303902 -2.561768
-8.290055 7.303902 0.000000
-7.884312 7.303902 2.561768
-6.706796 7.303902 4.872772
-4.872772 7.303902 6.706795
-2.561768 7.303902 7.884310
-0.000000 7.303902 8.290054
2.561767 7.303902 7.884310
4.872771 7.303902 6.706795
6.706794 7.303902 4.872772
7.884309 7.303902 2.561767
8.290053 7.303902 0.000000
0.000000 -7.303902 0.000000
0.000000 7.303902 0.000000
</float_array>
          <technique_common>
            <accessor source="#pCylinder1-POSITION-array" count="42" stride="3">
              <param name="X" type="float"/>
              <param name="Y" type="float"/>
              <param name="Z" type="float"/>
            </accessor>
          </technique_common>
        </source>
        <source id="pCylinder1-Normal0">
          <float_array id="pCylinder1-Normal0-array" count="720">
0.809017 0.000000 -0.587785
0.809017 0.000000 -0.587785
0.951057 0.000000 -0.309016
0.951057 0.000000 -0.309016
0.951057 0.000000 -0.309016
0.809017 0.000000 -0.587785
0.587785 0.000000 -0.809017
0.587785 0.000000 -0.809017
0.809017 0.000000 -0.587785
0.809017 0.000000 -0.587785
0.587785 0.000000 -0.809017
0.809017 0.000000 -0.587785
0.309017 0.000000 -0.951057
0.309017 0.000000 -0.951057
0.587785 0.000000 -0.809017
0.587785 0.000000 -0.809017
0.309017 0.000000 -0.951057
0.587785 0.000000 -0.809017
-0.000000 0.000000 -1.000000
-0.000000 0.000000 -1.000000
0.309017 0.000000 -0.951057
0.309017 0.000000 -0.951057
-0.000000 0.000000 -1.000000
0.309017 0.000000 -0.951057
-0.309017 0.000000 -0.951057
-0.309017 0.000000 -0.951057
-0.000000 0.000000 -1.000000
-0.000000 0.000000 -1.000000
-0.309017 0.000000 -0.951057
-0.000000 0.000000 -1.000000
-0.587785 0.000000 -0.809017
-0.309017 0.000000 -0.951057
-0.587785 0.000000 -0.809017
-0.309017 0.000000 -0.951057
-0.587785 0.000000 -0.809017
-0.309017 0.000000 -0.951057
-0.809017 0.000000 -0.587785
-0.587785 0.000000 -0.809017
-0.809017 0.000000 -0.587785
-0.587785 0.000000 -0.809017
-0.809017 0.000000 -0.587785
-0.587785 0.000000 -0.809017
-0.951057 0.000000 -0.309017
-0.809017 0.000000 -0.587785
-0.951057 0.000000 -0.309017
-0.809017 0.000000 -0.587785
-0.951057 0.000000 -0.309017
-0.809017 0.000000 -0.587785
-1.000000 0.000000 0.000000
-0.951057 0.000000 -0.309017
-1.000000 0.000000 0.000000
-0.951057 0.000000 -0.309017
-1.000000 0.000000 0.000000
-0.951057 0.000000 -0.309017
-0.951057 0.000000 0.309017
-1.000000 0.000000 0.000000
-0.951057 0.000000 0.309017
-1.000000 0.000000 0.000000
-0.951057 0.000000 0.309017
-1.000000 0.000000 0.000000
-0.809017 0.000000 0.587785
-0.951057 0.000000 0.309017
-0.809017 0.000000 0.587785
-0.951057 0.000000 0.309017
-0.809017 0.000000 0.587785
-0.951057 0.000000 0.309017
-0.809017 0.000000 0.587785
-0.809017 0.000000 0.587785
-0.587785 0.000000 0.809017
-0.587785 0.000000 0.809017
-0.809017 0.000000 0.587785
-0.587785 0.000000 0.809017
-0.587785 0.000000 0.809017
-0.587785 0.000000 0.809017
-0.309017 0.000000 0.951057
-0.309017 0.000000 0.951057
-0.587785 0.000000 0.809017
-0.309017 0.000000 0.951057
-0.309017 0.000000 0.951057
-0.309017 0.000000 0.951057
0.000000 0.000000 1.000000
0.000000 0.000000 1.000000
-0.309017 0.000000 0.951057
0.000000 0.000000 1.000000
0.000000 0.000000 1.000000
0.000000 0.000000 1.000000
0.309017 0.000000 0.951056
0.309017 0.000000 0.951056
0.000000 0.000000 1.000000
0.309017 0.000000 0.951056
0.309017 0.000000 0.951056
0.309017 0.000000 0.951056
0.587785 0.000000 0.809017
0.587785 0.000000 0.809017
0.309017 0.000000 0.951056
0.587785 0.000000 0.809017
0.587785 0.000000 0.809017
0.587785 0.000000 0.809017
0.809017 0.000000 0.587785
0.809017 0.000000 0.587785
0.587785 0.000000 0.809017
0.809017 0.000000 0.587785
0.951056 0.000000 0.309017
0.951056 0.000000 0.309017
0.809017 0.000000 0.587785
0.809017 0.000000 0.587785
0.809017 0.000000 0.587785
0.951056 0.000000 0.309017
1.000000 0.000000 0.000001
1.000000 0.000000 0.000001
0.951056 0.000000 0.309017
0.951056 0.000000 0.309017
0.951056 0.000000 0.309017
1.000000 0.000000 0.000001
0.951057 0.000000 -0.309016
0.951057 0.000000 -0.309016
1.000000 0.000000 0.000001
1.000000 0.000000 0.000001
1.000000 0.000000 0.000001
0.951057 0.000000 -0.309016
0.000000 -1.000000 0.000000
0.000000 -1.000000 0.000000
0.000000 -1.000000 0.000000
0.000000 -1.000000 -0.000000
0.000000 -1.000000 0.000000
0.000000 -1.000000 0.000000
0.000000 -1.000000 -0.000000
0.000000 -1.000000 -0.000000
0.000000 -1.000000 0.000000
0.000000 -1.000000 0.000000
0.000000 -1.000000 -0.000000
0.000000 -1.000000 0.000000
0.000000 -1.000000 0.000000
0.000000 -1.000000 0.000000
0.000000 -1.000000 0.000000
0.000000 -1.000000 0.000000
0.000000 -1.000000 0.000000
0.000000 -1.000000 0.000000
0.000000 -1.000000 0.000000
0.000000 -1.000000 0.000000
0.000000 -1.000000 0.000000
0.000000 -1.000000 0.000000
0.000000 -1.000000 0.000000
0.000000 -1.000000 0.000000
0.000000 -1.000000 0.000000
0.000000 -1.000000 0.000000
0.000000 -1.000000 0.000000
0.000000 -1.000000 -0.000000
0.000000 -1.000000 0.000000
0.000000 -1.000000 0.000000
0.000000 -1.000000 0.000000
0.000000 -1.000000 -0.000000
0.000000 -1.000000 0.000000
0.000000 -1.000000 0.000000
0.000000 -1.000000 0.000000
0.000000 -1.000000 0.000000
0.000000 -1.000000 0.000000
0.000000 -1.000000 0.000000
0.000000 -1.000000 0.000000
0.000000 -1.000000 0.000000
0.000000 -1.000000 0.000000
0.000000 -1.000000 0.000000
0.000000 -1.000000 0.000000
0.000000 -1.000000 0.000000
0.000000 -1.000000 0.000000
0.000000 -1.000000 -0.000000
0.000000 -1.000000 0.000000
0.000000 -1.000000 0.000000
0.000000 -1.000000 -0.000000
0.000000 -1.000000 -0.000000
0.000000 -1.000000 0.000000
0.000000 -1.000000 0.000000
0.000000 -1.000000 -0.000000
0.000000 -1.000000 0.000000
0.000000 -1.000000 0.000000
0.000000 -1.000000 0.000000
0.000000 -1.000000 0.000000
0.000000 -1.000000 0.000000
0.000000 -1.000000 0.000000
0.000000 -1.000000 0.000000
0.000000 1.000000 0.000000
0.000000 1.000000 0.000000
0.000000 1.000000 -0.000000
0.000000 1.000000 0.000000
0.000000 1.000000 -0.000000
0.000000 1.000000 -0.000000
0.000000 1.000000 -0.000000
0.000000 1.000000 -0.000000
0.000000 1.000000 -0.000000
0.000000 1.000000 -0.000000
0.000000 1.000000 0.000000
0.000000 1.000000 -0.000000
0.000000 1.000000 0.000000
0.000000 1.000000 0.000000
0.000000 1.000000 -0.000000
0.000000 1.000000 0.000000
0.000000 1.000000 0.000000
0.000000 1.000000 -0.000000
0.000000 1.000000 0.000000
0.000000 1.000000 0.000000
0.000000 1.000000 -0.000000
0.000000 1.000000 0.000000
0.000000 1.000000 -0.000000
0.000000 1.000000 -0.000000
0.000000 1.000000 -0.000000
0.000000 1.000000 0.000000
0.000000 1.000000 -0.000000
0.000000 1.000000 0.000000
0.000000 1.000000 -0.000000
0.000000 1.000000 -0.000000
0.000000 1.000000 -0.000000
0.000000 1.000000 0.000000
0.000000 1.000000 -0.000000
0.000000 1.000000 0.000000
0.000000 1.000000 0.000000
0.000000 1.000000 -0.000000
0.000000 1.000000 0.000000
0.000000 1.000000 0.000000
0.000000 1.000000 -0.000000
0.000000 1.000000 0.000000
0.000000 1.000000 -0.000000
0.000000 1.000000 -0.000000
0.000000 1.000000 -0.000000
0.000000 1.000000 -0.000000
0.000000 1.000000 -0.000000
0.000000 1.000000 -0.000000
0.000000 1.000000 -0.000000
0.000000 1.000000 -0.000000
0.000000 1.000000 -0.000000
0.000000 1.000000 -0.000000
0.000000 1.000000 -0.000000
0.000000 1.000000 -0.000000
0.000000 1.000000 0.000000
0.000000 1.000000 -0.000000
0.000000 1.000000 0.000000
0.000000 1.000000 0.000000
0.000000 1.000000 -0.000000
0.000000 1.000000 0.000000
0.000000 1.000000 0.000000
0.000000 1.000000 -0.000000
</float_array>
          <technique_common>
            <accessor source="#pCylinder1-Normal0-array" count="240" stride="3">
              <param name="X" type="float"/>
              <param name="Y" type="float"/>
              <param name="Z" type="float"/>
            </accessor>
          </technique_common>
        </source>
        <source id="pCylinder1-UV0">
          <float_array id="pCylinder1-UV0-array" count="168">
0.648603 0.107966
0.626409 0.064408
0.591842 0.029841
0.548284 0.007647
0.500000 -0.000000
0.451716 0.007647
0.408159 0.029841
0.373591 0.064409
0.351397 0.107966
0.343750 0.156250
0.351397 0.204534
0.373591 0.248091
0.408159 0.282659
0.451716 0.304853
0.500000 0.312500
0.548284 0.304853
0.591841 0.282659
0.626409 0.248091
0.648603 0.204534
0.656250 0.156250
0.375000 0.312500
0.387500 0.312500
0.400000 0.312500
0.412500 0.312500
0.425000 0.312500
0.437500 0.312500
0.450000 0.312500
0.462500 0.312500
0.475000 0.312500
0.487500 0.312500
0.500000 0.312500
0.512500 0.312500
0.525000 0.312500
0.537500 0.312500
0.550000 0.312500
0.562500 0.312500
0.575000 0.312500
0.587500 0.312500
0.600000 0.312500
0.612500 0.312500
0.625000 0.312500
0.375000 0.688440
0.387500 0.688440
0.400000 0.688440
0.412500 0.688440
0.425000 0.688440
0.437500 0.688440
0.450000 0.688440
0.462500 0.688440
0.475000 0.688440
0.487500 0.688440
0.500000 0.688440
0.512500 0.688440
0.525000 0.688440
0.537500 0.688440
0.550000 0.688440
0.562500 0.688440
0.575000 0.688440
0.587500 0.688440
0.600000 0.688440
0.612500 0.688440
0.625000 0.688440
0.648603 0.795466
0.626409 0.751908
0.591842 0.717341
0.548284 0.695147
0.500000 0.687500
0.451716 0.695147
0.408159 0.717341
0.373591 0.751909
0.351397 0.795466
0.343750 0.843750
0.351397 0.892034
0.373591 0.935591
0.408159 0.970159
0.451716 0.992353
0.500000 1.000000
0.548284 0.992353
0.591841 0.970159
0.626409 0.935591
0.648603 0.892034
0.656250 0.843750
0.500000 0.150000
0.500000 0.837500
</float_array>
          <technique_common>
            <accessor source="#pCylinder1-UV0-array" count="84" stride="2">
              <param name="S" type="float"/>
              <param name="T" type="float"/>
            </accessor>
          </technique_common>
        </source>
        <vertices id="pCylinder1-VERTEX">
          <input semantic="POSITION" source="#pCylinder1-POSITION"/>
        </vertices>
        <triangles count="80" material="lambert1"><input semantic="VERTEX" offset="0" source="#pCylinder1-VERTEX"/><input semantic="NORMAL" offset="1" source="#pCylinder1-Normal0"/><input semantic="TEXCOORD" offset="2" set="0" source="#pCylinder1-UV0"/><p> 1 0 21 21 1 42 0 2 20 20 3 41 0 4 20 21 5 42 2 6 22 22 7 43 1 8 21 1 9 21 22 10 43 21 11 42 3 12 23 23 13 44 2 14 22 2 15 22 23 16 44 22 17 43 4 18 24 24 19 45 3 20 23 3 21 23 24 22 45 23 23 44 5 24 25 25 25 46 4 26 24 4 27 24 25 28 46 24 29 45 26 30 47 5 31 25 6 32 26 5 33 25 26 34 47 25 35 46 27 36 48 6 37 26 7 38 27 6 39 26 27 40 48 26 41 47 28 42 49 7 43 27 8 44 28 7 45 27 28 46 49 27 47 48 29 48 50 8 49 28 9 50 29 8 51 28 29 52 50 28 53 49 30 54 51 9 55 29 10 56 30 9 57 29 30 58 51 29 59 50 31 60 52 10 61 30 11 62 31 10 63 30 31 64 52 30 65 51 31 66 52 11 67 31 32 68 53 32 69 53 11 70 31 12 71 32 32 72 53 12 73 32 33 74 54 33 75 54 12 76 32 13 77 33 33 78 54 13 79 33 34 80 55 34 81 55 13 82 33 14 83 34 34 84 55 14 85 34 35 86 56 35 87 56 14 88 34 15 89 35 35 90 56 15 91 35 36 92 57 36 93 57 15 94 35 16 95 36 36 96 57 16 97 36 37 98 58 37 99 58 16 100 36 17 101 37 18 102 38 38 103 59 17 104 37 37 105 58 17 106 37 38 107 59 19 108 39 39 109 60 18 110 38 38 111 59 18 112 38 39 113 60 0 114 40 20 115 61 19 116 39 39 117 60 19 118 39 20 119 61 1 120 1 0 121 0 40 122 82 2 123 2 1 124 1 40 125 82 3 126 3 2 127 2 40 128 82 4 129 4 3 130 3 40 131 82 5 132 5 4 133 4 40 134 82 6 135 6 5 136 5 40 137 82 7 138 7 6 139 6 40 140 82 8 141 8 7 142 7 40 143 82 9 144 9 8 145 8 40 146 82 10 147 10 9 148 9 40 149 82 11 150 11 10 151 10 40 152 82 12 153 12 11 154 11 40 155 82 13 156 13 12 157 12 40 158 82 14 159 14 13 160 13 40 161 82 15 162 15 14 163 14 40 164 82 16 165 16 15 166 15 40 167 82 17 168 17 16 169 16 40 170 82 18 171 18 17 172 17 40 173 82 19 174 19 18 175 18 40 176 82 0 177 0 19 178 19 40 179 82 20 180 80 21 181 79 41 182 83 21 183 79 22 184 78 41 185 83 22 186 78 23 187 77 41 188 83 23 189 77 24 190 76 41 191 83 24 192 76 25 193 75 41 194 83 25 195 75 26 196 74 41 197 83 26 198 74 27 199 73 41 200 83 27 201 73 28 202 72 41 203 83 28 204 72 29 205 71 41 206 83 29 207 71 30 208 70 41 209 83 30 210 70 31 211 69 41 212 83 31 213 69 32 214 68 41 215 83 32 216 68 33 217 67 41 218 83 33 219 67 34 220 66 41 221 83 34 222 66 35 223 65 41 224 83 35 225 65 36 226 64 41 227 83 36 228 64 37 229 63 41 230 83 37 231 63 38 232 62 41 233 83 38 234 62 39 235 81 41 236 83 39 237 81 20 238 80 41 239 83</p></triangles>
      </mesh>
    </geometry>
  </library_geometries>
  <library_controllers>
    <controller id="pCylinder1Controller">
      <skin source="#pCylinder1-lib">
        <bind_shape_matrix>0.461941 -0.000000 0.000000 0.000000 0.000000 1.034234 -0.000000 0.000000 0.000000 0.000000 0.461941 0.000000 0.000000 0.000000 0.000000 1.000000
</bind_shape_matrix>
        <source id="pCylinder1Controller-Joints">
          <Name_array id="pCylinder1Controller-Joints-array" count="5">
 joint1 joint2 joint3 joint4 joint5</Name_array>
          <technique_common>
            <accessor source="#pCylinder1Controller-Joints-array" count="5">
              <param type="name"/>
            </accessor>
          </technique_common>
        </source>
        <source id="pCylinder1Controller-Matrices">
          <float_array id="pCylinder1Controller-Matrices-array" count="80">

0.000000 1.000000 0.000000 7.410446 -1.000000 0.000000 0.000000 0.000000 0.000000 -0.000000 1.000000 -0.043463 0.000000 0.000000 0.000000 1.000000
0.000000 0.999941 -0.010869 4.064025 -0.000000 0.010869 0.999941 0.000709 1.000000 -0.000000 0.000000 -0.000000 0.000000 0.000000 0.000000 1.000000
0.000000 1.000000 -0.000000 0.065195 -0.000000 0.000000 1.000000 0.000000 1.000000 -0.000000 0.000000 -0.000000 0.000000 0.000000 0.000000 1.000000
0.000000 1.000000 -0.000000 -3.976867 -0.000000 0.000000 1.000000 -0.000000 1.000000 -0.000000 0.000000 0.000000 0.000000 0.000000 0.000000 1.000000
1.000000 0.000000 0.000000 -0.000000 -0.000000 1.000000 -0.000000 -7.410446 -0.000000 0.000000 1.000000 -0.000000 0.000000 0.000000 0.000000 1.000000</float_array>
          <technique_common>
            <accessor source="#pCylinder1Controller-Matrices-array" count="5" stride="16">
              <param type="float4x4"/>
            </accessor>
          </technique_common>
        </source>
        <source id="pCylinder1Controller-Weights">
          <float_array id="pCylinder1Controller-Weights-array" count="204">

1.000000 0.735965 0.221652 0.032167 0.007388 0.002828 0.734653 0.222507 0.032514 0.007467 0.002859 0.733616 0.223180 0.032790 0.007531 0.002883
0.732952 0.223610 0.032968 0.007572 0.002898 0.732723 0.223758 0.033029 0.007586 0.002904 0.732952 0.223610 0.032968 0.007572 0.002898 0.733616
0.223180 0.032790 0.007531 0.002883 0.734653 0.222507 0.032514 0.007467 0.002859 0.735965 0.221652 0.032167 0.007388 0.002828 0.737426 0.220695
0.031784 0.007300 0.002794 0.738895 0.219729 0.031403 0.007212 0.002761 0.740227 0.218849 0.031061 0.007133 0.002731 0.741288 0.218144 0.030790
0.007071 0.002707 0.741971 0.217689 0.030616 0.007031 0.002692 0.742207 0.217532 0.030557 0.007018 0.002686 0.741971 0.217689 0.030616 0.007031
0.002692 0.741288 0.218144 0.030790 0.007071 0.002707 0.740227 0.218848 0.031061 0.007133 0.002731 0.738895 0.219729 0.031403 0.007212 0.002761
0.737426 0.220695 0.031784 0.007300 0.002794 0.004117 0.017457 0.122412 0.428007 0.428007 0.004112 0.017457 0.122412 0.428009 0.428009 0.004108
0.017458 0.122413 0.428011 0.428011 0.004105 0.017458 0.122413 0.428012 0.428012 0.004104 0.017458 0.122413 0.428012 0.428012 0.004105 0.017458
0.122413 0.428012 0.428012 0.004108 0.017458 0.122413 0.428011 0.428011 0.004112 0.017457 0.122412 0.428009 0.428009 0.004117 0.017457 0.122412
0.428007 0.428007 0.004122 0.017457 0.122411 0.428005 0.428005 0.004128 0.017457 0.122410 0.428002 0.428002 0.004133 0.017457 0.122410 0.428000
0.428000 0.004137 0.017457 0.122409 0.427998 0.427998 0.004140 0.017457 0.122409 0.427997 0.427997 0.004141 0.017457 0.122409 0.427997 0.427997
0.004140 0.017457 0.122409 0.427997 0.427997 0.004137 0.017457 0.122409 0.427998 0.427998 0.004133 0.017457 0.122410 0.428000 0.428000 0.004128
0.017457 0.122410 0.428002 0.428002 0.004122 0.017457 0.122411 0.428005 0.428005 0.999996 0.499999 0.499999</float_array>
          <technique_common>
            <accessor source="#pCylinder1Controller-Weights-array" count="204">
              <param type="float"/>
            </accessor>
          </technique_common>
        </source>
        <joints>
          <input semantic="JOINT" source="#pCylinder1Controller-Joints"/>
          <input semantic="INV_BIND_MATRIX" source="#pCylinder1Controller-Matrices"/>
        </joints>
        <vertex_weights count="42">
          <input semantic="JOINT" offset="0" source="#pCylinder1Controller-Joints"/>
          <input semantic="WEIGHT" offset="1" source="#pCylinder1Controller-Weights"/>
          <vcount>5 5 5 5 5 5 5 5 5 5 5 5 5 5 5 5 5 5 5 5 5 5 5 5 5 5 5 5 5 5 5 5 5 5 5 5 5 5 5 5 1 2</vcount>
          <v>0 1 1 2 2 3 3 4 4 5 0 6 1 7 2 8 3 9 4 10 0 11 1 12 2 13 3 14 4 15 0 16 1 17 2 18 3 19 4 20 0 21 1 22 2 23 3 24 4 25 0 26 1 27 2 28 3 29 4 30 0 31 1 32 2 33 3 34 4 35 0 36 1 37 2 38 3 39 4 40 0 41 1 42 2 43 3 44 4 45 0 46 1 47 2 48 3 49 4 50 0 51 1 52 2 53 3 54 4 55 0 56 1 57 2 58 3 59 4 60 0 61 1 62 2 63 3 64 4 65 0 66 1 67 2 68 3 69 4 70 0 71 1 72 2 73 3 74 4 75 0 76 1 77 2 78 3 79 4 80 0 81 1 82 2 83 3 84 4 85 0 86 1 87 2 88 3 89 4 90 0 91 1 92 2 93 3 94 4 95 0 96 1 97 2 98 3 99 4 100 0 101 1 102 2 103 3 104 4 105 0 106 1 107 2 108 3 109 4 110 0 111 1 112 2 113 3 114 4 115 0 116 1 117 2 118 3 119 4 120 0 121 1 122 2 123 3 124 4 125 0 126 1 127 2 128 3 129 4 130 0 131 1 132 2 133 3 134 4 135 0 136 1 137 2 138 3 139 4 140 0 141 1 142 2 143 3 144 4 145 0 146 1 147 2 148 3 149 4 150 0 151 1 152 2 153 3 154 4 155 0 156 1 157 2 158 3 159 4 160 0 161 1 162 2 163 3 164 4 165 0 166 1 167 2 168 3 169 4 170 0 171 1 172 2 173 3 174 4 175 0 176 1 177 2 178 3 179 4 180 0 181 1 182 2 183 3 184 4 185 0 186 1 187 2 188 3 189 4 190 0 191 1 192 2 193 3 194 4 195 0 196 1 197 2 198 3 199 4 200 0 201 3 202 4 203</v>
        </vertex_weights>
      </skin>
    </controller>
  </library_controllers>
  <library_animations>
    <animation id="joint1-anim" name="joint1"><animation><source id="joint1-Matrix-animation-input"><float_array id="joint1-Matrix-animation-input-array" count="48">

0.041667 0.083333 0.125000 0.166667 0.208333 0.250000 0.291667 0.333333 0.375000 0.416667 0.458333 0.500000 0.541667 0.583333 0.625000 0.666667
0.708333 0.750000 0.791667 0.833333 0.875000 0.916667 0.958333 1.000000 1.041667 1.083333 1.125000 1.166667 1.208333 1.250000 1.291667 1.333333
1.375000 1.416667 1.458333 1.500000 1.541667 1.583333 1.625000 1.666667 1.708333 1.750000 1.791667 1.833333 1.875000 1.916667 1.958333 2.000000</float_array><technique_common><accessor source="#joint1-Matrix-animation-input-array" count="48"><param name="TIME" type="float"/></accessor></technique_common></source><source id="joint1-Matrix-animation-output-transform"><float_array id="joint1-Matrix-animation-output-transform-array" count="768">

0.338837 -0.940845 0.000482 0.000000 0.940841 0.338837 0.002759 -7.410446 -0.002759 -0.000482 0.999996 0.043463 0.000000 0.000000 0.000000 1.000000
0.314943 -0.948986 0.015398 0.000000 0.948649 0.315255 0.026065 -7.410446 -0.029590 0.006398 0.999542 0.043463 0.000000 0.000000 0.000000 1.000000
0.251643 -0.967185 0.035056 0.000000 0.966472 0.253039 0.043633 -7.410446 -0.051071 0.022901 0.998432 0.043463 0.000000 0.000000 0.000000 1.000000
0.162993 -0.985294 0.051280 0.000000 0.985034 0.165462 0.048272 -7.410446 -0.056047 0.042644 0.997517 0.043463 0.000000 0.000000 0.000000 1.000000
0.065491 -0.995940 0.061766 0.000000 0.997000 0.067870 0.037220 -7.410446 -0.041261 0.059144 0.997396 0.043463 0.000000 0.000000 0.000000 1.000000
-0.024034 -0.997516 0.066209 0.000000 0.999709 -0.023834 0.003803 -7.410446 -0.002216 0.066281 0.997799 0.043463 0.000000 0.000000 0.000000 1.000000
-0.128166 -0.989982 0.059231 0.000000 0.990356 -0.124588 0.060600 -7.410446 -0.052614 0.066426 0.996403 0.043463 0.000000 0.000000 0.000000 1.000000
-0.254072 -0.966301 0.041352 0.000000 0.962973 -0.248748 0.103961 -7.410446 -0.090172 0.066234 0.993721 0.043463 0.000000 0.000000 0.000000 1.000000
-0.381544 -0.924059 0.023223 0.000000 0.918824 -0.376400 0.118683 -7.410446 -0.100929 0.066620 0.992661 0.043463 0.000000 0.000000 0.000000 1.000000
-0.489777 -0.871687 0.016758 0.000000 0.867632 -0.485430 0.107579 -7.410446 -0.085641 0.067229 0.994055 0.043463 0.000000 0.000000 0.000000 1.000000
-0.562114 -0.826563 0.028663 0.000000 0.825641 -0.558782 0.077972 -7.410446 -0.048432 0.067495 0.996543 0.043463 0.000000 0.000000 0.000000 1.000000
-0.586993 -0.807815 0.053618 0.000000 0.809590 -0.585556 0.041087 -7.410446 -0.001795 0.067526 0.997716 0.043463 0.000000 0.000000 0.000000 1.000000
-0.561570 -0.827332 0.012721 0.000000 0.826076 -0.559706 0.065791 -7.410446 -0.047311 0.047454 0.997752 0.043463 0.000000 0.000000 0.000000 1.000000
-0.485174 -0.873322 -0.043762 0.000000 0.870330 -0.487135 0.072288 -7.410446 -0.084448 -0.003015 0.996423 0.043463 0.000000 0.000000 0.000000 1.000000
-0.368879 -0.923938 -0.101324 0.000000 0.924050 -0.376303 0.067287 -7.410446 -0.100297 -0.068808 0.992575 0.043463 0.000000 0.000000 0.000000 1.000000
-0.233294 -0.960492 -0.151753 0.000000 0.968183 -0.243963 0.055706 -7.410446 -0.090528 -0.133929 0.986847 0.043463 0.000000 0.000000 0.000000 1.000000
-0.104586 -0.976613 -0.187851 0.000000 0.992998 -0.112980 0.034515 -7.410446 -0.054931 -0.182926 0.981591 0.043463 0.000000 0.000000 0.000000 1.000000
-0.002119 -0.979309 -0.202358 0.000000 0.999997 -0.002318 0.000749 -7.410446 -0.001203 -0.202356 0.979311 0.043463 0.000000 0.000000 0.000000 1.000000
0.122738 -0.973301 -0.193958 0.000000 0.990771 0.108842 0.080786 -7.410446 -0.057518 -0.202084 0.977678 0.043463 0.000000 0.000000 0.000000 1.000000
0.262437 -0.949628 -0.171270 0.000000 0.960444 0.239933 0.141350 -7.410446 -0.093137 -0.201591 0.975032 0.043463 0.000000 0.000000 0.000000 1.000000
0.396711 -0.906216 -0.146265 0.000000 0.912239 0.371472 0.172710 -7.410446 -0.102180 -0.201944 0.974052 0.043463 0.000000 0.000000 0.000000 1.000000
0.505660 -0.852463 -0.132721 0.000000 0.858476 0.481911 0.175445 -7.410446 -0.085600 -0.202654 0.975502 0.043463 0.000000 0.000000 0.000000 1.000000
0.574592 -0.806486 -0.139370 0.000000 0.817048 0.555309 0.155127 -7.410446 -0.047714 -0.203007 0.978014 0.043463 0.000000 0.000000 0.000000 1.000000
0.594442 -0.787502 -0.162724 0.000000 0.804138 0.581900 0.121468 -7.410446 -0.000968 -0.203058 0.979166 0.043463 0.000000 0.000000 0.000000 1.000000
0.594442 -0.787502 -0.162724 0.000000 0.804138 0.581900 0.121468 -7.410446 -0.000968 -0.203058 0.979166 0.043463 0.000000 0.000000 0.000000 1.000000
0.594442 -0.787502 -0.162724 0.000000 0.804138 0.581900 0.121468 -7.410446 -0.000968 -0.203058 0.979166 0.043463 0.000000 0.000000 0.000000 1.000000
0.594442 -0.787502 -0.162724 0.000000 0.804138 0.581900 0.121468 -7.410446 -0.000968 -0.203058 0.979166 0.043463 0.000000 0.000000 0.000000 1.000000
0.594442 -0.787502 -0.162724 0.000000 0.804138 0.581900 0.121468 -7.410446 -0.000968 -0.203058 0.979166 0.043463 0.000000 0.000000 0.000000 1.000000
0.594442 -0.787502 -0.162724 0.000000 0.804138 0.581900 0.121468 -7.410446 -0.000968 -0.203058 0.979166 0.043463 0.000000 0.000000 0.000000 1.000000
0.594442 -0.787502 -0.162724 0.000000 0.804138 0.581900 0.121468 -7.410446 -0.000968 -0.203058 0.979166 0.043463 0.000000 0.000000 0.000000 1.000000
0.594442 -0.787502 -0.162724 0.000000 0.804138 0.581900 0.121468 -7.410446 -0.000968 -0.203058 0.979166 0.043463 0.000000 0.000000 0.000000 1.000000
0.594442 -0.787502 -0.162724 0.000000 0.804138 0.581900 0.121468 -7.410446 -0.000968 -0.203058 0.979166 0.043463 0.000000 0.000000 0.000000 1.000000
0.594442 -0.787502 -0.162724 0.000000 0.804138 0.581900 0.121468 -7.410446 -0.000968 -0.203058 0.979166 0.043463 0.000000 0.000000 0.000000 1.000000
0.594442 -0.787502 -0.162724 0.000000 0.804138 0.581900 0.121468 -7.410446 -0.000968 -0.203058 0.979166 0.043463 0.000000 0.000000 0.000000 1.000000
0.594442 -0.787502 -0.162724 0.000000 0.804138 0.581900 0.121468 -7.410446 -0.000968 -0.203058 0.979166 0.043463 0.000000 0.000000 0.000000 1.000000
0.594442 -0.787502 -0.162724 0.000000 0.804138 0.581900 0.121468 -7.410446 -0.000968 -0.203058 0.979166 0.043463 0.000000 0.000000 0.000000 1.000000
0.594442 -0.787502 -0.162724 0.000000 0.804138 0.581900 0.121468 -7.410446 -0.000968 -0.203058 0.979166 0.043463 0.000000 0.000000 0.000000 1.000000
0.594442 -0.787502 -0.162724 0.000000 0.804138 0.581900 0.121468 -7.410446 -0.000968 -0.203058 0.979166 0.043463 0.000000 0.000000 0.000000 1.000000
0.594442 -0.787502 -0.162724 0.000000 0.804138 0.581900 0.121468 -7.410446 -0.000968 -0.203058 0.979166 0.043463 0.000000 0.000000 0.000000 1.000000
0.594442 -0.787502 -0.162724 0.000000 0.804138 0.581900 0.121468 -7.410446 -0.000968 -0.203058 0.979166 0.043463 0.000000 0.000000 0.000000 1.000000
0.594442 -0.787502 -0.162724 0.000000 0.804138 0.581900 0.121468 -7.410446 -0.000968 -0.203058 0.979166 0.043463 0.000000 0.000000 0.000000 1.000000
0.594442 -0.787502 -0.162724 0.000000 0.804138 0.581900 0.121468 -7.410446 -0.000968 -0.203058 0.979166 0.043463 0.000000 0.000000 0.000000 1.000000
0.594442 -0.787502 -0.162724 0.000000 0.804138 0.581900 0.121468 -7.410446 -0.000968 -0.203058 0.979166 0.043463 0.000000 0.000000 0.000000 1.000000
0.594442 -0.787502 -0.162724 0.000000 0.804138 0.581900 0.121468 -7.410446 -0.000968 -0.203058 0.979166 0.043463 0.000000 0.000000 0.000000 1.000000
0.594442 -0.787502 -0.162724 0.000000 0.804138 0.581900 0.121468 -7.410446 -0.000968 -0.203058 0.979166 0.043463 0.000000 0.000000 0.000000 1.000000
0.594442 -0.787502 -0.162724 0.000000 0.804138 0.581900 0.121468 -7.410446 -0.000968 -0.203058 0.979166 0.043463 0.000000 0.000000 0.000000 1.000000
0.594442 -0.787502 -0.162724 0.000000 0.804138 0.581900 0.121468 -7.410446 -0.000968 -0.203058 0.979166 0.043463 0.000000 0.000000 0.000000 1.000000
0.594442 -0.787502 -0.162724 0.000000 0.804138 0.581900 0.121468 -7.410446 -0.000968 -0.203058 0.979166 0.043463 0.000000 0.000000 0.000000 1.000000</float_array><technique_common><accessor source="#joint1-Matrix-animation-output-transform-array" count="48" stride="16"><param type="float4x4"/></accessor></technique_common></source><source id="joint1-Interpolations"><Name_array id="joint1-Interpolations-array" count="48">
 LINEAR LINEAR LINEAR LINEAR LINEAR LINEAR LINEAR LINEAR LINEAR LINEAR LINEAR
LINEAR LINEAR LINEAR LINEAR LINEAR LINEAR LINEAR LINEAR LINEAR LINEAR LINEAR LINEAR
LINEAR LINEAR LINEAR LINEAR LINEAR LINEAR LINEAR LINEAR LINEAR LINEAR LINEAR LINEAR
LINEAR LINEAR LINEAR LINEAR LINEAR LINEAR LINEAR LINEAR LINEAR LINEAR LINEAR LINEAR
LINEAR</Name_array><technique_common><accessor source="#joint1-Interpolations-array" count="48"><param type="name"/></accessor></technique_common></source><sampler id="joint1-Matrix-animation-transform"><input semantic="INPUT" source="#joint1-Matrix-animation-input"/><input semantic="OUTPUT" source="#joint1-Matrix-animation-output-transform"/><input semantic="INTERPOLATION" source="#joint1-Interpolations"/></sampler><channel source="#joint1-Matrix-animation-transform" target="joint1/matrix"/></animation></animation>
    <animation id="joint2-anim" name="joint2"><animation><source id="joint2-Matrix-animation-input"><float_array id="joint2-Matrix-animation-input-array" count="48">

0.041667 0.083333 0.125000 0.166667 0.208333 0.250000 0.291667 0.333333 0.375000 0.416667 0.458333 0.500000 0.541667 0.583333 0.625000 0.666667
0.708333 0.750000 0.791667 0.833333 0.875000 0.916667 0.958333 1.000000 1.041667 1.083333 1.125000 1.166667 1.208333 1.250000 1.291667 1.333333
1.375000 1.416667 1.458333 1.500000 1.541667 1.583333 1.625000 1.666667 1.708333 1.750000 1.791667 1.833333 1.875000 1.916667 1.958333 2.000000</float_array><technique_common><accessor source="#joint2-Matrix-animation-input-array" count="48"><param name="TIME" type="float"/></accessor></technique_common></source><source id="joint2-Matrix-animation-output-transform"><float_array id="joint2-Matrix-animation-output-transform-array" count="768">

1.000000 -0.000000 -0.000000 3.346653 -0.000000 0.000000 -1.000000 0.000000 0.000000 1.000000 0.000000 -0.000000 0.000000 0.000000 0.000000 1.000000
0.998162 0.060606 -0.000000 3.346653 -0.000000 0.000000 -1.000000 0.000000 -0.060606 0.998162 0.000000 0.000000 0.000000 0.000000 0.000000 1.000000
0.995326 0.096574 -0.000000 3.346653 -0.000000 -0.000000 -1.000000 0.000000 -0.096574 0.995326 0.000000 0.000000 0.000000 0.000000 0.000000 1.000000
0.994457 0.105140 -0.000000 3.346653 -0.000000 -0.000000 -1.000000 0.000000 -0.105140 0.994457 0.000000 0.000000 0.000000 0.000000 0.000000 1.000000
0.996729 0.080812 -0.000000 3.346653 -0.000000 0.000000 -1.000000 0.000000 -0.080812 0.996729 0.000000 -0.000000 0.000000 0.000000 0.000000 1.000000
1.000000 -0.000000 -0.000000 3.346653 -0.000000 0.000000 -1.000000 0.000000 0.000000 1.000000 0.000000 0.000000 0.000000 0.000000 0.000000 1.000000
0.994978 0.100097 -0.000000 3.346653 -0.000000 -0.000000 -1.000000 0.000000 -0.100097 0.994978 0.000000 0.000000 0.000000 0.000000 0.000000 1.000000
0.986687 0.162629 -0.000000 3.346653 -0.000000 -0.000000 -1.000000 0.000000 -0.162629 0.986687 0.000000 0.000000 0.000000 0.000000 0.000000 1.000000
0.983567 0.180542 -0.000000 3.346653 -0.000000 -0.000000 -1.000000 0.000000 -0.180542 0.983567 0.000000 0.000000 0.000000 0.000000 0.000000 1.000000
0.987861 0.155341 -0.000000 3.346653 -0.000000 -0.000000 -1.000000 0.000000 -0.155341 0.987861 0.000000 -0.000000 0.000000 0.000000 0.000000 1.000000
0.995612 0.093573 -0.000000 3.346653 -0.000000 -0.000000 -1.000000 0.000000 -0.093573 0.995612 0.000000 0.000000 0.000000 0.000000 0.000000 1.000000
1.000000 -0.000000 -0.000000 3.346653 -0.000000 0.000000 -1.000000 0.000000 0.000000 1.000000 0.000000 0.000000 0.000000 0.000000 0.000000 1.000000
0.995768 0.091900 -0.000000 3.346653 -0.000000 -0.000000 -1.000000 0.000000 -0.091900 0.995768 0.000000 0.000000 0.000000 0.000000 0.000000 1.000000
0.988128 0.153630 -0.000000 3.346653 -0.000000 -0.000000 -1.000000 0.000000 -0.153630 0.988128 0.000000 -0.000000 0.000000 0.000000 0.000000 1.000000
0.983595 0.180390 -0.000000 3.346653 -0.000000 -0.000000 -1.000000 0.000000 -0.180390 0.983595 0.000000 -0.000000 0.000000 0.000000 0.000000 1.000000
0.986229 0.165387 -0.000000 3.346653 -0.000000 -0.000000 -1.000000 0.000000 -0.165387 0.986229 -0.000000 -0.000000 0.000000 0.000000 0.000000 1.000000
0.994289 0.106719 -0.000000 3.346653 -0.000000 -0.000000 -1.000000 0.000000 -0.106719 0.994289 0.000000 0.000000 0.000000 0.000000 0.000000 1.000000
1.000000 -0.000000 -0.000000 3.346653 -0.000000 0.000000 -1.000000 0.000000 0.000000 1.000000 0.000000 0.000000 0.000000 0.000000 0.000000 1.000000
0.993741 0.111706 -0.000000 3.346653 -0.000000 -0.000000 -1.000000 0.000000 -0.111706 0.993741 0.000000 0.000000 0.000000 0.000000 0.000000 1.000000
0.985088 0.172049 -0.000000 3.346653 -0.000000 -0.000000 -1.000000 0.000000 -0.172049 0.985088 0.000000 0.000000 0.000000 0.000000 0.000000 1.000000
0.982288 0.187378 -0.000000 3.346653 -0.000000 -0.000000 -1.000000 0.000000 -0.187378 0.982288 0.000000 0.000000 0.000000 0.000000 0.000000 1.000000
0.987197 0.159505 -0.000000 3.346653 -0.000000 -0.000000 -1.000000 0.000000 -0.159505 0.987197 0.000000 0.000000 0.000000 0.000000 0.000000 1.000000
0.995443 0.095354 -0.000000 3.346653 -0.000000 -0.000000 -1.000000 0.000000 -0.095354 0.995443 0.000000 0.000000 0.000000 0.000000 0.000000 1.000000
1.000000 -0.000000 -0.000000 3.346653 -0.000000 0.000000 -1.000000 0.000000 0.000000 1.000000 0.000000 0.000000 0.000000 0.000000 0.000000 1.000000
1.000000 -0.000000 -0.000000 3.346653 -0.000000 0.000000 -1.000000 0.000000 0.000000 1.000000 0.000000 0.000000 0.000000 0.000000 0.000000 1.000000
1.000000 -0.000000 -0.000000 3.346653 -0.000000 0.000000 -1.000000 0.000000 0.000000 1.000000 0.000000 0.000000 0.000000 0.000000 0.000000 1.000000
1.000000 -0.000000 -0.000000 3.346653 -0.000000 0.000000 -1.000000 0.000000 0.000000 1.000000 0.000000 0.000000 0.000000 0.000000 0.000000 1.000000
1.000000 -0.000000 -0.000000 3.346653 -0.000000 0.000000 -1.000000 0.000000 0.000000 1.000000 0.000000 0.000000 0.000000 0.000000 0.000000 1.000000
1.000000 -0.000000 -0.000000 3.346653 -0.000000 0.000000 -1.000000 0.000000 0.000000 1.000000 0.000000 0.000000 0.000000 0.000000 0.000000 1.000000
1.000000 -0.000000 -0.000000 3.346653 -0.000000 0.000000 -1.000000 0.000000 0.000000 1.000000 0.000000 0.000000 0.000000 0.000000 0.000000 1.000000
1.000000 -0.000000 -0.000000 3.346653 -0.000000 0.000000 -1.000000 0.000000 0.000000 1.000000 0.000000 0.000000 0.000000 0.000000 0.000000 1.000000
1.000000 -0.000000 -0.000000 3.346653 -0.000000 0.000000 -1.000000 0.000000 0.000000 1.000000 0.000000 0.000000 0.000000 0.000000 0.000000 1.000000
1.000000 -0.000000 -0.000000 3.346653 -0.000000 0.000000 -1.000000 0.000000 0.000000 1.000000 0.000000 0.000000 0.000000 0.000000 0.000000 1.000000
1.000000 -0.000000 -0.000000 3.346653 -0.000000 0.000000 -1.000000 0.000000 0.000000 1.000000 0.000000 0.000000 0.000000 0.000000 0.000000 1.000000
1.000000 -0.000000 -0.000000 3.346653 -0.000000 0.000000 -1.000000 0.000000 0.000000 1.000000 0.000000 0.000000 0.000000 0.000000 0.000000 1.000000
1.000000 -0.000000 -0.000000 3.346653 -0.000000 0.000000 -1.000000 0.000000 0.000000 1.000000 0.000000 0.000000 0.000000 0.000000 0.000000 1.000000
1.000000 -0.000000 -0.000000 3.346653 -0.000000 0.000000 -1.000000 0.000000 0.000000 1.000000 0.000000 0.000000 0.000000 0.000000 0.000000 1.000000
1.000000 -0.000000 -0.000000 3.346653 -0.000000 0.000000 -1.000000 0.000000 0.000000 1.000000 0.000000 0.000000 0.000000 0.000000 0.000000 1.000000
1.000000 -0.000000 -0.000000 3.346653 -0.000000 0.000000 -1.000000 0.000000 0.000000 1.000000 0.000000 0.000000 0.000000 0.000000 0.000000 1.000000
1.000000 -0.000000 -0.000000 3.346653 -0.000000 0.000000 -1.000000 0.000000 0.000000 1.000000 0.000000 0.000000 0.000000 0.000000 0.000000 1.000000
1.000000 -0.000000 -0.000000 3.346653 -0.000000 0.000000 -1.000000 0.000000 0.000000 1.000000 0.000000 0.000000 0.000000 0.000000 0.000000 1.000000
1.000000 -0.000000 -0.000000 3.346653 -0.000000 0.000000 -1.000000 0.000000 0.000000 1.000000 0.000000 0.000000 0.000000 0.000000 0.000000 1.000000
1.000000 -0.000000 -0.000000 3.346653 -0.000000 0.000000 -1.000000 0.000000 0.000000 1.000000 0.000000 0.000000 0.000000 0.000000 0.000000 1.000000
1.000000 -0.000000 -0.000000 3.346653 -0.000000 0.000000 -1.000000 0.000000 0.000000 1.000000 0.000000 0.000000 0.000000 0.000000 0.000000 1.000000
1.000000 -0.000000 -0.000000 3.346653 -0.000000 0.000000 -1.000000 0.000000 0.000000 1.000000 0.000000 0.000000 0.000000 0.000000 0.000000 1.000000
1.000000 -0.000000 -0.000000 3.346653 -0.000000 0.000000 -1.000000 0.000000 0.000000 1.000000 0.000000 0.000000 0.000000 0.000000 0.000000 1.000000
1.000000 -0.000000 -0.000000 3.346653 -0.000000 0.000000 -1.000000 0.000000 0.000000 1.000000 0.000000 0.000000 0.000000 0.000000 0.000000 1.000000
1.000000 -0.000000 -0.000000 3.346653 -0.000000 0.000000 -1.000000 0.000000 0.000000 1.000000 0.000000 0.000000 0.000000 0.000000 0.000000 1.000000</float_array><technique_common><accessor source="#joint2-Matrix-animation-output-transform-array" count="48" stride="16"><param type="float4x4"/></accessor></technique_common></source><source id="joint2-Interpolations"><Name_array id="joint2-Interpolations-array" count="48">
 LINEAR LINEAR LINEAR LINEAR LINEAR LINEAR LINEAR LINEAR LINEAR LINEAR LINEAR
LINEAR LINEAR LINEAR LINEAR LINEAR LINEAR LINEAR LINEAR LINEAR LINEAR LINEAR LINEAR
LINEAR LINEAR LINEAR LINEAR LINEAR LINEAR LINEAR LINEAR LINEAR LINEAR LINEAR LINEAR
LINEAR LINEAR LINEAR LINEAR LINEAR LINEAR LINEAR LINEAR LINEAR LINEAR LINEAR LINEAR
LINEAR</Name_array><technique_common><accessor source="#joint2-Interpolations-array" count="48"><param type="name"/></accessor></technique_common></source><sampler id="joint2-Matrix-animation-transform"><input semantic="INPUT" source="#joint2-Matrix-animation-input"/><input semantic="OUTPUT" source="#joint2-Matrix-animation-output-transform"/><input semantic="INTERPOLATION" source="#joint2-Interpolations"/></sampler><channel source="#joint2-Matrix-animation-transform" target="joint2/matrix"/></animation></animation>
    <animation id="joint3-anim" name="joint3"><animation><source id="joint3-Matrix-animation-input"><float_array id="joint3-Matrix-animation-input-array" count="48">

0.041667 0.083333 0.125000 0.166667 0.208333 0.250000 0.291667 0.333333 0.375000 0.416667 0.458333 0.500000 0.541667 0.583333 0.625000 0.666667
0.708333 0.750000 0.791667 0.833333 0.875000 0.916667 0.958333 1.000000 1.041667 1.083333 1.125000 1.166667 1.208333 1.250000 1.291667 1.333333
1.375000 1.416667 1.458333 1.500000 1.541667 1.583333 1.625000 1.666667 1.708333 1.750000 1.791667 1.833333 1.875000 1.916667 1.958333 2.000000</float_array><technique_common><accessor source="#joint3-Matrix-animation-input-array" count="48"><param name="TIME" type="float"/></accessor></technique_common></source><source id="joint3-Matrix-animation-output-transform"><float_array id="joint3-Matrix-animation-output-transform-array" count="768">

