<?xml version="1.0" encoding="utf-8"?>
<COLLADA xmlns="http://www.collada.org/2005/11/COLLADASchema" version="1.4.1">
  <asset><contributor><author></author><authoring_tool>FBX COLLADA exporter</authoring_tool><comments></comments></contributor><created>2014-05-04T06:59:46Z</created><keywords></keywords><modified>2014-05-04T06:59:46Z</modified><revision></revision><subject></subject><title></title><unit meter="0.010000" name="centimeter"></unit><up_axis>Y_UP</up_axis></asset>
  <library_materials>
    <material id="lambert1" name="lambert1">
      <instance_effect url="#lambert1-fx"/>
    </material>
  </library_materials>
  <library_effects>
    <effect id="lambert1-fx" name="lambert1">
      <profile_COMMON>
        <technique sid="standard">
          <lambert>
            <emission>
              <color sid="emission">0.000000  0.000000 0.000000 1.000000</color>
            </emission>
            <ambient>
              <color sid="ambient">0.000000  0.000000 0.000000 1.000000</color>
            </ambient>
            <diffuse>
              <color sid="diffuse">0.400000  0.400000 0.400000 1.000000</color>
            </diffuse>
            <transparent opaque="RGB_ZERO">
              <color sid="transparent">0.000000  0.000000 0.000000 1.000000</color>
            </transparent>
            <transparency>
              <float sid="transparency">1.000000</float>
            </transparency>
          </lambert>
        </technique>
      </profile_COMMON>
    </effect>
  </library_effects>
  <library_geometries>
    <geometry id="pCube1-lib" name="pCube1Mesh">
      <mesh>
        <source id="pCube1-POSITION">
          <float_array id="pCube1-POSITION-array" count="54">
-0.500000 -0.500000 0.500000
0.500000 -0.500000 0.500000
-0.500000 0.500000 0.500000
0.500000 0.500000 0.500000
-0.500000 0.500000 -0.500000
0.500000 0.500000 -0.500000
-0.500000 -0.500000 -0.500000
0.500000 -0.500000 -0.500000
0.000000 0.500000 0.500000
0.000000 0.500000 -0.500000
0.445908 1.123249 0.500000
0.445908 1.123249 -0.500000
0.945908 1.123249 0.500000
0.945908 1.123249 -0.500000
-0.377913 1.114977 0.500000
-0.377913 1.114977 -0.500000
-0.877913 1.114977 -0.500000
-0.877913 1.114977 0.500000
</float_array>
          <technique_common>
            <accessor source="#pCube1-POSITION-array" count="18" stride="3">
              <param name="X" type="float"/>
              <param name="Y" type="float"/>
              <param name="Z" type="float"/>
            </accessor>
          </technique_common>
        </source>
        <source id="pCube1-Normal0">
          <float_array id="pCube1-Normal0-array" count="288">
0.000000 0.000000 1.000000
0.000000 0.000000 1.000000
0.000000 0.000000 1.000000
0.000000 0.000000 1.000000
0.000000 0.000000 1.000000
0.000000 0.000000 1.000000
0.000000 0.000000 1.000000
0.000000 0.000000 1.000000
0.000000 0.000000 1.000000
0.000000 1.000000 0.000000
0.000000 1.000000 0.000000
0.000000 1.000000 0.000000
0.000000 1.000000 0.000000
0.000000 1.000000 0.000000
0.000000 1.000000 0.000000
0.000000 0.000000 -1.000000
0.000000 0.000000 -1.000000
0.000000 0.000000 -1.000000
0.000000 0.000000 -1.000000
0.000000 0.000000 -1.000000
0.000000 0.000000 -1.000000
0.000000 0.000000 -1.000000
0.000000 0.000000 -1.000000
0.000000 0.000000 -1.000000
0.000000 -1.000000 0.000000
0.000000 -1.000000 0.000000
0.000000 -1.000000 0.000000
0.000000 -1.000000 0.000000
0.000000 -1.000000 0.000000
0.000000 -1.000000 0.000000
1.000000 0.000000 0.000000
1.000000 0.000000 0.000000
1.000000 0.000000 0.000000
1.000000 0.000000 0.000000
1.000000 0.000000 0.000000
1.000000 0.000000 0.000000
-1.000000 0.000000 0.000000
-1.000000 0.000000 0.000000
-1.000000 0.000000 0.000000
-1.000000 0.000000 0.000000
-1.000000 0.000000 0.000000
-1.000000 0.000000 0.000000
0.000000 1.000000 0.000000
0.000000 1.000000 0.000000
0.000000 1.000000 0.000000
0.000000 1.000000 0.000000
0.000000 1.000000 0.000000
0.000000 1.000000 0.000000
-0.813282 0.581869 0.000000
-0.813282 0.581869 0.000000
-0.813282 0.581869 0.000000
-0.813282 0.581869 0.000000
-0.813282 0.581869 0.000000
-0.813282 0.581869 0.000000
0.000000 0.000000 1.000000
0.000000 0.000000 1.000000
0.000000 0.000000 1.000000
0.000000 0.000000 1.000000
0.000000 0.000000 1.000000
0.000000 0.000000 1.000000
0.813282 -0.581869 0.000000
0.813282 -0.581869 0.000000
0.813282 -0.581869 0.000000
0.813282 -0.581869 0.000000
0.813282 -0.581869 0.000000
0.813282 -0.581869 0.000000
0.000000 0.000000 -1.000000
0.000000 0.000000 -1.000000
0.000000 0.000000 -1.000000
0.000000 0.000000 -1.000000
0.000000 0.000000 -1.000000
0.000000 0.000000 -1.000000
0.851989 0.523560 0.000000
0.851989 0.523560 0.000000
0.851989 0.523560 0.000000
0.851989 0.523560 0.000000
0.851989 0.523560 0.000000
0.851989 0.523560 0.000000
0.000000 0.000000 -1.000000
0.000000 0.000000 -1.000000
0.000000 0.000000 -1.000000
0.000000 0.000000 -1.000000
0.000000 0.000000 -1.000000
0.000000 0.000000 -1.000000
-0.851989 -0.523560 0.000000
-0.851989 -0.523560 0.000000
-0.851989 -0.523560 0.000000
-0.851989 -0.523560 0.000000
-0.851989 -0.523560 0.000000
-0.851989 -0.523560 0.000000
0.000000 0.000000 1.000000
0.000000 0.000000 1.000000
0.000000 0.000000 1.000000
0.000000 0.000000 1.000000
0.000000 0.000000 1.000000
0.000000 0.000000 1.000000
</float_array>
          <technique_common>
            <accessor source="#pCube1-Normal0-array" count="96" stride="3">
              <param name="X" type="float"/>
              <param name="Y" type="float"/>
              <param name="Z" type="float"/>
            </accessor>
          </technique_common>
        </source>
        <source id="pCube1-UV0">
          <float_array id="pCube1-UV0-array" count="48">
0.375000 0.000000
0.625000 0.000000
0.375000 0.250000
0.625000 0.250000
0.375000 0.500000
0.625000 0.500000
0.375000 0.750000
0.625000 0.750000
0.375000 1.000000
0.625000 1.000000
0.875000 0.000000
0.875000 0.250000
0.125000 0.000000
0.125000 0.250000
0.500000 0.250000
0.500000 0.500000
0.500000 0.500000
0.500000 0.250000
0.625000 0.250000
0.625000 0.500000
0.500000 0.250000
0.500000 0.500000
0.375000 0.500000
0.375000 0.250000
</float_array>
          <technique_common>
            <accessor source="#pCube1-UV0-array" count="24" stride="2">
              <param name="S" type="float"/>
              <param name="T" type="float"/>
            </accessor>
          </technique_common>
        </source>
        <vertices id="pCube1-VERTEX">
          <input semantic="POSITION" source="#pCube1-POSITION"/>
        </vertices>
        <triangles count="32" material="lambert1"><input semantic="VERTEX" offset="0" source="#pCube1-VERTEX"/><input semantic="NORMAL" offset="1" source="#pCube1-Normal0"/><input semantic="TEXCOORD" offset="2" set="0" source="#pCube1-UV0"/><p> 0 0 0 8 1 14 2 2 2 8 3 14 0 4 0 1 5 1 1 6 1 3 7 3 8 8 14 16 9 22 17 10 23 14 11 20 14 12 20 15 13 21 16 14 22 7 15 7 9 16 15 5 17 5 6 18 6 4 19 4 9 20 15 9 21 15 7 22 7 6 23 6 1 24 9 0 25 8 7 26 7 0 27 8 6 28 6 7 29 7 1 30 1 7 31 10 3 32 3 3 33 3 7 34 10 5 35 11 0 36 0 2 37 2 4 38 13 0 39 0 4 40 13 6 41 12 12 42 18 11 43 16 10 44 17 11 45 16 12 46 18 13 47 19 10 48 17 9 49 15 8 50 14 9 51 15 10 52 17 11 53 16 10 54 17 3 55 3 12 56 18 3 57 3 10 58 17 8 59 14 12 60 18 3 61 3 13 62 19 3 63 3 5 64 5 13 65 19 9 66 15 11 67 16 5 68 5 5 69 5 11 70 16 13 71 19 14 72 20 8 73 14 15 74 21 8 75 14 9 76 15 15 77 21 4 78 4 15 79 21 9 80 15 15 81 21 4 82 4 16 83 22 17 84 23 4 85 4 2 86 2 4 87 4 17 88 23 16 89 22 17 90 23 2 91 2 14 92 20 2 93 2 8 94 14 14 95 20</p></triangles>
      </mesh>
    </geometry>
  </library_geometries>
  <library_controllers>
    <controller id="pCube1Controller">
      <skin source="#pCube1-lib">
        <bind_shape_matrix>1.000000 -0.000000 0.000000 0.000000 0.000000 1.000000 -0.000000 0.000000 0.000000 0.000000 1.000000 0.000000 0.000000 0.000000 0.000000 1.000000
</bind_shape_matrix>
        <source id="pCube1Controller-Joints">
          <Name_array id="pCube1Controller-Joints-array" count="4">
 joint1 joint2 joint3 joint4</Name_array>
          <technique_common>
            <accessor source="#pCube1Controller-Joints-array" count="4">
              <param type="name"/>
            </accessor>
          </technique_common>
        </source>
        <source id="pCube1Controller-Matrices">
          <float_array id="pCube1Controller-Matrices-array" count="64">

0.000000 1.000000 0.000000 0.544290 -1.000000 0.000000 0.000000 -0.001048 0.000000 -0.000000 1.000000 -0.000000 0.000000 0.000000 0.000000 1.000000
-0.676331 0.736598 0.000000 -0.347043 0.736598 0.676331 0.000000 -0.317225 0.000000 0.000000 -1.000000 -0.000000 0.000000 0.000000 0.000000 1.000000
1.000000 0.000000 0.000000 0.593311 -0.000000 1.000000 0.000000 -1.115219 -0.000000 -0.000000 1.000000 0.000000 0.000000 0.000000 0.000000 1.000000
0.000000 1.000000 0.000000 -1.121083 -1.000000 0.000000 0.000000 0.679175 0.000000 -0.000000 1.000000 0.000000 0.000000 0.000000 0.000000 1.000000</float_array>
          <technique_common>
            <accessor source="#pCube1Controller-Matrices-array" count="4" stride="16">
              <param type="float4x4"/>
            </accessor>
          </technique_common>
        </source>
        <source id="pCube1Controller-Weights">
          <float_array id="pCube1Controller-Weights-array" count="73">

1.000000 0.859133 0.103118 0.026009 0.011740 0.857924 0.103538 0.013103 0.025434 0.286146 0.520364 0.176076 0.017414 0.275199 0.548507 0.020844
0.155451 0.286146 0.520364 0.176076 0.017414 0.275199 0.548507 0.020844 0.155451 0.859133 0.103118 0.026009 0.011740 0.857924 0.103538 0.013103
0.025434 0.471380 0.473102 0.030863 0.024655 0.471380 0.473102 0.030863 0.024655 0.050602 0.508159 0.021964 0.419275 0.050602 0.508159 0.021964
0.419275 0.020261 0.486215 0.007310 0.486215 0.020261 0.486215 0.007310 0.486215 0.057480 0.495523 0.426940 0.020057 0.057480 0.495523 0.426940
0.020057 0.025733 0.483431 0.483431 0.007404 0.025733 0.483431 0.483431 0.007404</float_array>
          <technique_common>
            <accessor source="#pCube1Controller-Weights-array" count="73">
              <param type="float"/>
            </accessor>
          </technique_common>
        </source>
        <joints>
          <input semantic="JOINT" source="#pCube1Controller-Joints"/>
          <input semantic="INV_BIND_MATRIX" source="#pCube1Controller-Matrices"/>
        </joints>
        <vertex_weights count="18">
          <input semantic="JOINT" offset="0" source="#pCube1Controller-Joints"/>
          <input semantic="WEIGHT" offset="1" source="#pCube1Controller-Weights"/>
          <vcount>4 4 4 4 4 4 4 4 4 4 4 4 4 4 4 4 4 4</vcount>
          <v>0 1 1 2 2 3 3 4 0 5 1 6 2 7 3 8 0 9 1 10 2 11 3 12 0 13 1 14 2 15 3 16 0 17 1 18 2 19 3 20 0 21 1 22 2 23 3 24 0 25 1 26 2 27 3 28 0 29 1 30 2 31 3 32 0 33 1 34 2 35 3 36 0 37 1 38 2 39 3 40 0 41 1 42 2 43 3 44 0 45 1 46 2 47 3 48 0 49 1 50 2 51 3 52 0 53 1 54 2 55 3 56 0 57 1 58 2 59 3 60 0 61 1 62 2 63 3 64 0 65 1 66 2 67 3 68 0 69 1 70 2 71 3 72</v>
        </vertex_weights>
      </skin>
    </controller>
  </library_controllers>
  <library_animations>
    <animation id="joint1-anim" name="joint1"><animation><source id="joint1-Matrix-animation-input"><float_array id="joint1-Matrix-animation-input-array" count="36">

0.041667 0.083333 0.125000 0.166667 0.208333 0.250000 0.291667 0.333333 0.375000 0.416667 0.458333 0.500000 0.541667 0.583333 0.625000 0.666667
0.708333 0.750000 0.791667 0.833333 0.875000 0.916667 0.958333 1.000000 1.041667 1.083333 1.125000 1.166667 1.208333 1.250000 1.291667 1.333333
1.375000 1.416667 1.458333 1.500000</float_array><technique_common><accessor source="#joint1-Matrix-animation-input-array" count="36"><param name="TIME" type="float"/></accessor></technique_common></source><source id="joint1-Matrix-animation-output-transform"><float_array id="joint1-Matrix-animation-output-transform-array" count="576">

0.000000 -1.000000 0.000000 -0.001048 1.000000 0.000000 0.000000 -0.544290 0.000000 0.000000 1.000000 0.000000 0.000000 0.000000 0.000000 1.000000
0.000000 -1.000000 0.000000 -0.001048 1.000000 0.000000 0.000000 -0.544290 0.000000 0.000000 1.000000 0.000000 0.000000 0.000000 0.000000 1.000000
0.000000 -1.000000 0.000000 -0.001048 1.000000 0.000000 0.000000 -0.544290 0.000000 0.000000 1.000000 0.000000 0.000000 0.000000 0.000000 1.000000
0.000000 -1.000000 0.000000 -0.001048 1.000000 0.000000 0.000000 -0.544290 0.000000 0.000000 1.000000 0.000000 0.000000 0.000000 0.000000 1.000000
0.000000 -1.000000 0.000000 -0.001048 1.000000 0.000000 0.000000 -0.544290 0.000000 0.000000 1.000000 0.000000 0.000000 0.000000 0.000000 1.000000
0.000000 -1.000000 0.000000 -0.001048 1.000000 0.000000 0.000000 -0.544290 0.000000 0.000000 1.000000 0.000000 0.000000 0.000000 0.000000 1.000000
0.000000 -1.000000 0.000000 -0.001048 1.000000 0.000000 0.000000 -0.544290 0.000000 0.000000 1.000000 0.000000 0.000000 0.000000 0.000000 1.000000
0.000000 -1.000000 0.000000 -0.001048 1.000000 0.000000 0.000000 -0.544290 0.000000 0.000000 1.000000 0.000000 0.000000 0.000000 0.000000 1.000000
0.000000 -1.000000 0.000000 -0.001048 1.000000 0.000000 0.000000 -0.544290 0.000000 0.000000 1.000000 0.000000 0.000000 0.000000 0.000000 1.000000
0.000000 -1.000000 0.000000 -0.001048 1.000000 0.000000 0.000000 -0.544290 0.000000 0.000000 1.000000 0.000000 0.000000 0.000000 0.000000 1.000000
0.000000 -1.000000 0.000000 -0.001048 1.000000 0.000000 0.000000 -0.544290 0.000000 0.000000 1.000000 0.000000 0.000000 0.000000 0.000000 1.000000
0.000000 -1.000000 0.000000 -0.001048 1.000000 0.000000 0.000000 -0.544290 0.000000 0.000000 1.000000 0.000000 0.000000 0.000000 0.000000 1.000000
0.000000 -1.000000 0.000000 -0.001048 1.000000 0.000000 0.000000 -0.544290 0.000000 0.000000 1.000000 0.000000 0.000000 0.000000 0.000000 1.000000
0.000000 -1.000000 0.000000 -0.001048 1.000000 0.000000 0.000000 -0.544290 0.000000 0.000000 1.000000 0.000000 0.000000 0.000000 0.000000 1.000000
0.000000 -1.000000 0.000000 -0.001048 1.000000 0.000000 0.000000 -0.544290 0.000000 0.000000 1.000000 0.000000 0.000000 0.000000 0.000000 1.000000
0.000000 -1.000000 0.000000 -0.001048 1.000000 0.000000 0.000000 -0.544290 0.000000 0.000000 1.000000 0.000000 0.000000 0.000000 0.000000 1.000000
0.000000 -1.000000 0.000000 -0.001048 1.000000 0.000000 0.000000 -0.544290 0.000000 0.000000 1.000000 0.000000 0.000000 0.000000 0.000000 1.000000
0.000000 -1.000000 0.000000 -0.001048 1.000000 0.000000 0.000000 -0.544290 0.000000 0.000000 1.000000 0.000000 0.000000 0.000000 0.000000 1.000000
0.000000 -1.000000 0.000000 -0.001048 1.000000 0.000000 0.000000 -0.544290 0.000000 0.000000 1.000000 0.000000 0.000000 0.000000 0.000000 1.000000
0.000000 -1.000000 0.000000 -0.001048 1.000000 0.000000 0.000000 -0.544290 0.000000 0.000000 1.000000 0.000000 0.000000 0.000000 0.000000 1.000000
0.000000 -1.000000 0.000000 -0.001048 1.000000 0.000000 0.000000 -0.544290 0.000000 0.000000 1.000000 0.000000 0.000000 0.000000 0.000000 1.000000
0.000000 -1.000000 0.000000 -0.001048 1.000000 0.000000 0.000000 -0.544290 0.000000 0.000000 1.000000 0.000000 0.000000 0.000000 0.000000 1.000000
0.000000 -1.000000 0.000000 -0.001048 1.000000 0.000000 0.000000 -0.544290 0.000000 0.000000 1.000000 0.000000 0.000000 0.000000 0.000000 1.000000
0.000000 -1.000000 0.000000 -0.001048 1.000000 0.000000 0.000000 -0.544290 0.000000 0.000000 1.000000 0.000000 0.000000 0.000000 0.000000 1.000000
0.000000 -1.011699 0.000000 -0.001048 1.011699 0.000000 0.000000 -0.544290 0.000000 0.000000 1.011699 0.000000 0.000000 0.000000 0.000000 1.000000
0.000000 -1.044042 0.000000 -0.001048 1.044042 0.000000 0.000000 -0.544290 0.000000 0.000000 1.044042 0.000000 0.000000 0.000000 0.000000 1.000000
0.000000 -1.092901 0.000000 -0.001048 1.092901 0.000000 0.000000 -0.544290 0.000000 0.000000 1.092901 0.000000 0.000000 0.000000 0.000000 1.000000
0.000000 -1.154147 0.000000 -0.001048 1.154147 0.000000 0.000000 -0.544290 0.000000 0.000000 1.154147 0.000000 0.000000 0.000000 0.000000 1.000000
0.000000 -1.223650 0.000000 -0.001048 1.223650 0.000000 0.000000 -0.544290 0.000000 0.000000 1.223650 0.000000 0.000000 0.000000 0.000000 1.000000
0.000000 -1.297283 0.000000 -0.001048 1.297283 0.000000 0.000000 -0.544290 0.000000 0.000000 1.297283 0.000000 0.000000 0.000000 0.000000 1.000000
0.000000 -1.370916 0.000000 -0.001048 1.370916 0.000000 0.000000 -0.544290 0.000000 0.000000 1.370916 0.000000 0.000000 0.000000 0.000000 1.000000
0.000000 -1.440419 0.000000 -0.001048 1.440419 0.000000 0.000000 -0.544290 0.000000 0.000000 1.440419 0.000000 0.000000 0.000000 0.000000 1.000000
0.000000 -1.501665 0.000000 -0.001048 1.501665 0.000000 0.000000 -0.544290 0.000000 0.000000 1.501665 0.000000 0.000000 0.000000 0.000000 1.000000
0.000000 -1.550524 0.000000 -0.001048 1.550524 0.000000 0.000000 -0.544290 0.000000 0.000000 1.550524 0.000000 0.000000 0.000000 0.000000 1.000000
0.000000 -1.582867 0.000000 -0.001048 1.582867 0.000000 0.000000 -0.544290 0.000000 0.000000 1.582867 0.000000 0.000000 0.000000 0.000000 1.000000
0.000000 -1.594566 0.000000 -0.001048 1.594566 0.000000 0.000000 -0.544290 0.000000 0.000000 1.594566 0.000000 0.000000 0.000000 0.000000 1.000000</float_array><technique_common><accessor source="#joint1-Matrix-animation-output-transform-array" count="36" stride="16"><param type="float4x4"/></accessor></technique_common></source><source id="joint1-Interpolations"><Name_array id="joint1-Interpolations-array" count="36">
 LINEAR LINEAR LINEAR LINEAR LINEAR LINEAR LINEAR LINEAR LINEAR LINEAR LINEAR
LINEAR LINEAR LINEAR LINEAR LINEAR LINEAR LINEAR LINEAR LINEAR LINEAR LINEAR LINEAR
LINEAR LINEAR LINEAR LINEAR LINEAR LINEAR LINEAR LINEAR LINEAR LINEAR LINEAR LINEAR
LINEAR</Name_array><technique_common><accessor source="#joint1-Interpolations-array" count="36"><param type="name"/></accessor></technique_common></source><sampler id="joint1-Matrix-animation-transform"><input semantic="INPUT" source="#joint1-Matrix-animation-input"/><input semantic="OUTPUT" source="#joint1-Matrix-animation-output-transform"/><input semantic="INTERPOLATION" source="#joint1-Interpolations"/></sampler><channel source="#joint1-Matrix-animation-transform" target="joint1/matrix"/></animation></animation>
    <animation id="joint3-anim" name="joint3"><animation><source id="joint3-Matrix-animation-input"><float_array id="joint3-Matrix-animation-input-array" count="24">

0.041667 0.083333 0.125000 0.166667 0.208333 0.250000 0.291667 0.333333 0.375000 0.416667 0.458333 0.500000 0.541667 0.583333 0.625000 0.666667
0.708333 0.750000 0.791667 0.833333 0.875000 0.916667 0.958333 1.000000</float_array><technique_common><accessor source="#joint3-Matrix-animation-input-array" count="24"><param name="TIME" type="float"/></accessor></technique_common></source><source id="joint3-Matrix-animation-output-transform"><float_array id="joint3-Matrix-animation-output-transform-array" count="384">

-0.676331 0.736598 0.000000 1.489188 0.736598 0.676331 -0.000000 -0.668156 -0.000000 0.000000 -1.000000 -0.000000 0.000000 0.000000 0.000000 1.000000
-0.676331 0.736598 0.000000 1.473211 0.736598 0.676331 -0.000000 -0.650754 -0.000000 0.000000 -1.000000 -0.000000 0.000000 0.000000 0.000000 1.000000
-0.676331 0.736598 0.000000 1.429400 0.736598 0.676331 -0.000000 -0.603040 -0.000000 0.000000 -1.000000 -0.000000 0.000000 0.000000 0.000000 1.000000
-0.676331 0.736598 0.000000 1.363943 0.736598 0.676331 -0.000000 -0.531750 -0.000000 0.000000 -1.000000 -0.000000 0.000000 0.000000 0.000000 1.000000
-0.676331 0.736598 0.000000 1.283023 0.736598 0.676331 -0.000000 -0.443619 -0.000000 0.000000 -1.000000 -0.000000 0.000000 0.000000 0.000000 1.000000
-0.676331 0.736598 0.000000 1.192826 0.736598 0.676331 -0.000000 -0.345384 -0.000000 0.000000 -1.000000 -0.000000 0.000000 0.000000 0.000000 1.000000
-0.676331 0.736598 0.000000 1.099536 0.736598 0.676331 -0.000000 -0.243782 -0.000000 0.000000 -1.000000 -0.000000 0.000000 0.000000 0.000000 1.000000
-0.676331 0.736598 0.000000 1.009338 0.736598 0.676331 -0.000000 -0.145547 -0.000000 0.000000 -1.000000 -0.000000 0.000000 0.000000 0.000000 1.000000
-0.676331 0.736598 0.000000 0.928418 0.736598 0.676331 -0.000000 -0.057416 -0.000000 0.000000 -1.000000 -0.000000 0.000000 0.000000 0.000000 1.000000
-0.676331 0.736598 0.000000 0.862961 0.736598 0.676331 -0.000000 0.013874 -0.000000 0.000000 -1.000000 0.000000 0.000000 0.000000 0.000000 1.000000
-0.676331 0.736598 0.000000 0.819151 0.736598 0.676331 -0.000000 0.061588 -0.000000 0.000000 -1.000000 0.000000 0.000000 0.000000 0.000000 1.000000
-0.676331 0.736598 0.000000 0.803173 0.736598 0.676331 -0.000000 0.078990 -0.000000 0.000000 -1.000000 0.000000 0.000000 0.000000 0.000000 1.000000
-0.676172 0.736598 -0.014682 0.803173 0.736424 0.676331 0.015990 0.078990 0.021708 0.000000 -0.999764 0.000000 0.000000 0.000000 0.000000 1.000000
-0.674073 0.736598 -0.055215 0.803173 0.734139 0.676331 0.060136 0.078990 0.081640 -0.000000 -0.996662 0.000000 0.000000 0.000000 0.000000 1.000000
-0.666305 0.736598 -0.116023 0.803173 0.725678 0.676331 0.126362 0.078990 0.171548 -0.000000 -0.985176 0.000000 0.000000 0.000000 0.000000 1.000000
-0.648847 0.736598 -0.190842 0.803173 0.706665 0.676331 0.207847 0.078990 0.282172 0.000000 -0.959364 0.000000 0.000000 0.000000 0.000000 1.000000
-0.618911 0.736598 -0.272714 0.803173 0.674061 0.676331 0.297015 0.078990 0.403225 0.000000 -0.915101 0.000000 0.000000 0.000000 0.000000 1.000000
-0.575993 0.736598 -0.354479 0.803173 0.627319 0.676331 0.386066 0.078990 0.524120 0.000000 -0.851644 0.000000 0.000000 0.000000 0.000000 1.000000
-0.522338 0.736598 -0.429636 0.803173 0.568883 0.676331 0.467920 0.078990 0.635245 -0.000000 -0.772311 0.000000 0.000000 0.000000 0.000000 1.000000
-0.462737 0.736598 -0.493252 0.803173 0.503971 0.676331 0.537205 0.078990 0.729306 -0.000000 -0.684188 0.000000 0.000000 0.000000 0.000000 1.000000
-0.403811 0.736598 -0.542550 0.803173 0.439794 0.676331 0.590896 0.078990 0.802195 0.000000 -0.597061 0.000000 0.000000 0.000000 0.000000 1.000000
-0.353027 0.736598 -0.576884 0.803173 0.384485 0.676331 0.628290 0.078990 0.852962 0.000000 -0.521973 0.000000 0.000000 0.000000 0.000000 1.000000
-0.317787 0.736598 -0.597022 0.803173 0.346104 0.676331 0.650222 0.078990 0.882736 0.000000 -0.469869 0.000000 0.000000 0.000000 0.000000 1.000000
-0.304752 0.736598 -0.603780 0.803173 0.331908 0.676331 0.657582 0.078990 0.892728 0.000000 -0.450595 0.000000 0.000000 0.000000 0.000000 1.000000</float_array><technique_common><accessor source="#joint3-Matrix-animation-output-transform-array" count="24" stride="16"><param type="float4x4"/></accessor></technique_common></source><source id="joint3-Interpolations"><Name_array id="joint3-Interpolations-array" count="24">
 LINEAR LINEAR LINEAR LINEAR LINEAR LINEAR LINEAR LINEAR LINEAR LINEAR LINEAR
LINEAR LINEAR LINEAR LINEAR LINEAR LINEAR LINEAR LINEAR LINEAR LINEAR LINEAR LINEAR
LINEAR</Name_array><technique_common><accessor source="#joint3-Interpolations-array" count="24"><param type="name"/></accessor></technique_common></source><sampler id="joint3-Matrix-animation-transform"><input semantic="INPUT" source="#joint3-Matrix-animation-input"/><input semantic="OUTPUT" source="#joint3-Matrix-animation-output-transform"/><input semantic="INTERPOLATION" source="#joint3-Interpolations"/></sampler><channel source="#joint3-Matrix-animation-transform" target="joint3/matrix"/></animation></animation>
    <animation id="joint4-anim" name="joint4"><animation><source id="joint4-Matrix-animation-input"><float_array id="joint4-Matrix-animation-input-array" count="24">

0.041667 0.083333 0.125000 0.166667 0.208333 0.250000 0.291667 0.333333 0.375000 0.416667 0.458333 0.500000 0.541667 0.583333 0.625000 0.666667
0.708333 0.750000 0.791667 0.833333 0.875000 0.916667 0.958333 1.000000</float_array><technique_common><accessor source="#joint4-Matrix-animation-input-array" count="24"><param name="TIME" type="float"/></accessor></technique_common></source><source id="joint4-Matrix-animation-output-transform"><float_array id="joint4-Matrix-animation-output-transform-array" count="384">

0.736598 0.676331 -0.000000 -0.565442 0.676331 -0.736598 0.000000 1.578231 0.000000 -0.000000 -1.000000 0.000000 0.000000 0.000000 0.000000 1.000000
0.736598 0.676331 -0.000000 -0.551676 0.676331 -0.736598 0.000000 1.563238 0.000000 -0.000000 -1.000000 0.000000 0.000000 0.000000 0.000000 1.000000
0.736598 0.676331 -0.000000 -0.513930 0.676331 -0.736598 0.000000 1.522129 0.000000 -0.000000 -1.000000 0.000000 0.000000 0.000000 0.000000 1.000000
0.736598 0.676331 -0.000000 -0.457533 0.676331 -0.736598 0.000000 1.460706 0.000000 -0.000000 -1.000000 0.000000 0.000000 0.000000 0.000000 1.000000
0.736598 0.676331 -0.000000 -0.387813 0.676331 -0.736598 0.000000 1.384774 0.000000 -0.000000 -1.000000 0.000000 0.000000 0.000000 0.000000 1.000000
0.736598 0.676331 -0.000000 -0.310101 0.676331 -0.736598 0.000000 1.300136 0.000000 -0.000000 -1.000000 0.000000 0.000000 0.000000 0.000000 1.000000
0.736598 0.676331 -0.000000 -0.229724 0.676331 -0.736598 0.000000 1.212597 0.000000 -0.000000 -1.000000 0.000000 0.000000 0.000000 0.000000 1.000000
0.736598 0.676331 -0.000000 -0.152011 0.676331 -0.736598 0.000000 1.127959 0.000000 -0.000000 -1.000000 0.000000 0.000000 0.000000 0.000000 1.000000
0.736598 0.676331 -0.000000 -0.082291 0.676331 -0.736598 0.000000 1.052027 0.000000 -0.000000 -1.000000 0.000000 0.000000 0.000000 0.000000 1.000000
0.736598 0.676331 -0.000000 -0.025894 0.676331 -0.736598 0.000000 0.990605 0.000000 -0.000000 -1.000000 0.000000 0.000000 0.000000 0.000000 1.000000
0.736598 0.676331 -0.000000 0.011852 0.676331 -0.736598 0.000000 0.949495 0.000000 -0.000000 -1.000000 0.000000 0.000000 0.000000 0.000000 1.000000
0.736598 0.676331 -0.000000 0.025618 0.676331 -0.736598 0.000000 0.934502 0.000000 -0.000000 -1.000000 0.000000 0.000000 0.000000 0.000000 1.000000
0.736598 0.676212 0.012704 0.025618 0.676331 -0.736468 -0.013836 0.934502 0.000000 0.018784 -0.999824 0.000000 0.000000 0.000000 0.000000 1.000000
0.736598 0.674640 0.047789 0.025618 0.676331 -0.734757 -0.052048 0.934502 0.000000 0.070659 -0.997500 0.000000 0.000000 0.000000 0.000000 1.000000
0.736598 0.668820 0.100516 0.025618 0.676331 -0.728418 -0.109472 0.934502 0.000000 0.148619 -0.988895 0.000000 0.000000 0.000000 0.000000 1.000000
0.736598 0.655719 0.165698 0.025618 0.676331 -0.714150 -0.180463 0.934502 0.000000 0.244995 -0.969524 0.000000 0.000000 0.000000 0.000000 1.000000
0.736598 0.633186 0.237695 0.025618 0.676331 -0.689609 -0.258876 0.934502 0.000000 0.351448 -0.936207 0.000000 0.000000 0.000000 0.000000 1.000000
0.736598 0.600728 0.310724 0.025618 0.676331 -0.654258 -0.338413 0.934502 -0.000000 0.459427 -0.888216 0.000000 0.000000 0.000000 0.000000 1.000000
0.736598 0.559882 0.379415 0.025618 0.676331 -0.609772 -0.413225 0.934502 0.000000 0.560991 -0.827822 0.000000 0.000000 0.000000 0.000000 1.000000
0.736598 0.514143 0.439409 0.025618 0.676331 -0.559958 -0.478565 0.934502 0.000000 0.649696 -0.760194 0.000000 0.000000 0.000000 0.000000 1.000000
0.736598 0.468515 0.487767 0.025618 0.676331 -0.510264 -0.531232 0.934502 0.000000 0.721196 -0.692731 0.000000 0.000000 0.000000 0.000000 1.000000
0.736598 0.428847 0.522986 0.025618 0.676331 -0.467061 -0.569588 0.934502 0.000000 0.773269 -0.634078 0.000000 0.000000 0.000000 0.000000 1.000000
0.736598 0.401120 0.544542 0.025618 0.676331 -0.436863 -0.593066 0.934502 0.000000 0.805142 -0.593082 0.000000 0.000000 0.000000 0.000000 1.000000
0.736598 0.390821 0.551981 0.025618 0.676331 -0.425646 -0.601167 0.934502 -0.000000 0.816140 -0.577854 0.000000 0.000000 0.000000 0.000000 1.000000</float_array><technique_common><accessor source="#joint4-Matrix-animation-output-transform-array" count="24" stride="16"><param type="float4x4"/></accessor></technique_common></source><source id="joint4-Interpolations"><Name_array id="joint4-Interpolations-array" count="24">
 LINEAR LINEAR LINEAR LINEAR LINEAR LINEAR LINEAR LINEAR LINEAR LINEAR LINEAR
LINEAR LINEAR LINEAR LINEAR LINEAR LINEAR LINEAR LINEAR LINEAR LINEAR LINEAR LINEAR
LINEAR</Name_array><technique_common><accessor source="#joint4-Interpolations-array" count="24"><param type="name"/></accessor></technique_common></source><sampler id="joint4-Matrix-animation-transform"><input semantic="INPUT" source="#joint4-Matrix-animation-input"/><input semantic="OUTPUT" source="#joint4-Matrix-animation-output-transform"/><input semantic="INTERPOLATION" source="#joint4-Interpolations"/></sampler><channel source="#joint4-Matrix-animation-transform" target="joint4/matrix"/></animation></animation>
  </library_animations>
  <library_visual_scenes>
    <visual_scene id="simple_bones" name="simple_bones">
      <node name="pCube1" id="pCube1" sid="pCube1"><instance_controller url="#pCube1Controller"><bind_material><technique_common><instance_material symbol="lambert1" target="#lambert1"/></technique_common></bind_material></instance_controller><extra><technique profile="FCOLLADA"><visibility>1.000000</visibility></technique></extra></node>
      <node name="joint1" id="joint1" sid="joint1" type="JOINT"><matrix sid="matrix">0.000000 -1.000000 0.000000 -0.001048 1.000000 0.000000 0.000000 -0.544290 0.000000 0.000000 1.000000 0.000000 0.000000 0.000000 0.000000 1.000000</matrix><extra><technique profile="FCOLLADA"><visibility>1.000000</visibility></technique></extra><node name="joint2" id="joint2" sid="joint2" type="JOINT"><matrix sid="matrix">0.736598 0.676331 0.000000 1.014470 0.676331 -0.736598 -0.000000 0.000000 -0.000000 0.000000 -1.000000 0.000000 0.000000 0.000000 0.000000 1.000000</matrix><extra><technique profile="FCOLLADA"><visibility>1.000000</visibility></technique></extra><node name="joint3" id="joint3" sid="joint3" type="JOINT"><matrix sid="matrix">-0.676331 0.736598 0.000000 1.489188 0.736598 0.676331 -0.000000 -0.668156 -0.000000 0.000000 -1.000000 -0.000000 0.000000 0.000000 0.000000 1.000000</matrix><extra><technique profile="FCOLLADA"><visibility>1.000000</visibility></technique></extra></node><node name="joint4" id="joint4" sid="joint4" type="JOINT"><matrix sid="matrix">0.736598 0.676331 -0.000000 -0.565442 0.676331 -0.736598 0.000000 1.578231 0.000000 -0.000000 -1.000000 0.000000 0.000000 0.000000 0.000000 1.000000</matrix><extra><technique profile="FCOLLADA"><visibility>1.000000</visibility></technique></extra></node></node></node>
      <extra><technique profile="MAX3D"><frame_rate>24.000000</frame_rate></technique><technique profile="FCOLLADA"><start_time>0.041667</start_time><end_time>2.000000</end_time></technique></extra>
    </visual_scene>
  </library_visual_scenes>
  <scene>
    <instance_visual_scene url="#simple_bones"></instance_visual_scene>
  </scene>
</COLLADA>
